,42c,42c.1,42c.2
O32583,3.588023848938717e-09,3.5880238489392246e-09,3.5880238489392246e-09
P00350,0.3931718232429814,0.3932026980086659,0.3932026980086679
P00363,0.0,0.0,0.0
P00370,0.0032232280888757295,0.003223228088876215,0.0032232280888762114
P00393,0.0,0.0,0.0
P00448,0.000693011911725701,0.000693000009561604,0.0006930000095616009
P00452,0.0,0.0,0.0
P00490,0.0,0.0,0.0
P00509,0.0,0.0,0.0
P00547,2.328342669067741e-08,2.328342669068096e-08,2.328342669068094e-08
P00550,0.0,0.0,0.0
P00561,0.5758879116472104,0.6644883986423534,0.6644883986423528
P00562,1.0,0.0,0.0
P00634,0.0,0.0,0.0
P00722,0.0,0.0,0.0
P00805,0.0,0.0,0.0
P00816,0.0,0.0,0.0
P00861,1.0042341358770046,1.0042341358771467,1.0042341358771467
P00864,0.05307978076494443,0.05307209923597547,0.05307209923597542
P00887,0.0,0.0,0.0
P00888,0.5154001699547043,0.5154001699547773,0.5154001699547773
P00893,1.0,1.0,0.0
P00894,0.3036168860848833,0.3036168860848833,0.0
P00895,0.010362248635130774,0.010362248635132238,0.010362248635132238
P00903,1.9278885530475035e-10,1.927888553047964e-10,1.927888553047964e-10
P00904,0.3607708980927079,0.360770898092759,0.360770898092759
P00909,0.30599809599969263,0.30599809599973593,0.30599809599973593
P00926,0.0,0.0,0.0
P00934,1.0652179215412095e-07,1.065217921541372e-07,1.0652179215413709e-07
P00935,0.026943131179771065,0.026943131179774874,0.026943131179774874
P00936,0.0,0.0,0.0
P00944,0.0,0.0,0.0
P00946,0.0,0.0,0.0
P00963,1.0,1.0,1.0
P00968,0.0,0.0,0.0
P02916,0.0,0.0,0.0
P02918,1.116839744642713,1.1168397446431786,1.1168397446431786
P02919,1.0,1.0,1.0
P02924,0.0,0.0,0.0
P02925,0.0,0.0,0.0
P03959,0.0,0.0,0.0
P03960,0.0,0.0,0.0
P03961,0.0,0.0,0.0
P04036,0.1462781134843242,0.1462781134843449,0.1462781134843449
P04079,1.0,1.0,1.0
P04391,0.0,0.0,0.0
P04425,0.0,0.0,0.0
P04693,0.14750408340364968,0.14750408340367283,0.14750408340367255
P04805,0.024962312462688086,0.024962312462691618,0.024962312462691618
P04825,0.0,0.0,0.0
P04951,0.12129570196340159,0.12129570196341874,0.12129570196341874
P04968,8.14455074169091e-05,8.14455074169206e-05,8.14455074169206e-05
P04982,0.0,0.0,0.0
P04983,0.0,0.0,0.0
P05020,0.9999999999998582,0.9999999999999999,0.9999999999999999
P05041,0.7706736280701064,0.7706736280702904,0.7706736280702904
P05042,0.0,0.0,1.0
P05194,0.03720899656585414,0.037208996565859416,0.037208996565859416
P05459,0.007382229666518822,0.007382229666519865,0.007382229666519865
P05637,0.0,0.0,0.0
P05706,0.0,0.0,0.0
P05707,0.0,0.0,0.0
P05791,0.29284300494124116,0.2928430049412819,0.2928430049412819
P05793,0.04770320085402495,0.047703200854031465,0.047703200854031465
P05804,0.0,0.0,0.0
P05847,0.0,0.0,0.0
P06149,0.0,0.0,0.0
P06282,0.0,0.0,0.0
P06609,0.0,0.0,0.0
P06610,0.0,0.0,0.0
P06611,0.0,0.0,0.0
P06715,0.011557383982114483,0.011557383982114483,0.011557383982114484
P06720,0.0,0.0,0.0
P06721,0.1308804151790207,0.1308804151790392,0.1308804151790392
P06959,0.7822312101263953,0.7822312101263953,0.7822312101263953
P06960,0.08340580798034494,0.08340580798035671,0.08340580798035671
P06968,0.0,0.0,0.0
P06972,0.0,0.0,0.0
P06983,1.377796197876554e-09,1.377796197876749e-09,1.377796197876749e-09
P06986,0.0004667210131738652,0.00046672101317393115,0.00046672101317393115
P06987,0.0020111094838454377,0.0020111094838457222,0.0020111094838457222
P06988,0.6429410296492807,0.6429410296493716,0.6429410296493716
P06989,0.302208798992018,0.30220879899206077,0.30220879899206077
P06999,1.0,1.0,1.0
P07000,0.0,0.0,0.0
P07001,0.0,0.0,0.0
P07003,0.0,0.0,0.0
P07004,0.06764135149865286,0.0676413514986624,0.0676413514986624
P07014,1.3440890719041052e-08,1.3440184523223388e-08,1.344018452322333e-08
P07023,5.353279299184933e-05,5.353279299185691e-05,5.353279299185691e-05
P07024,0.0,0.0,0.0
P07102,0.0,0.0,0.0
P07109,0.0,0.0,0.0
P07623,0.10222796696569024,0.10222796696570471,0.10222796696570471
P07639,0.000999850101644041,0.0009998501016441827,0.0009998501016441827
P07650,0.0,0.0,0.0
P07654,0.0,0.0,0.0
P07762,0.0,0.0,0.0
P07821,0.0,0.0,0.0
P07822,0.0,0.0,0.0
P07862,0.0,0.0,0.0
P07913,0.0,0.0,0.0
P08142,0.4793102461574816,0.479310246157593,0.8033119469890303
P08178,2.1608063514574326e-08,2.1608063514578704e-08,2.1608063514578585e-08
P08179,0.0,0.0,0.0
P08192,0.005491602263992945,0.005491602263994256,0.005491602263994256
P08200,0.11927754655975016,0.11927181018597217,0.1192718101859717
P08201,0.0,0.0,0.0
P08202,0.0,0.0,0.0
P08203,0.0,0.0,0.0
P08204,0.0,0.0,0.0
P08244,0.18443792304883094,0.18443792304885706,0.18443792304885706
P08331,0.0,0.0,0.0
P08337,0.0,0.0,0.0
P08373,1.2681478577054703,1.2681478577056495,1.2681478577056495
P08506,0.0,0.0,0.0
P08660,0.4722534139897595,0.47225341398983056,0.47225341398983023
P08722,0.0,0.0,0.0
P08839,0.4533333945911622,0.45334650083943706,0.4533465008394373
P08997,0.0,3.395883593898578e-05,0.0
P09029,1.4654160139358517e-08,1.4654160139361484e-08,1.4654160139361401e-08
P09053,5.912769065861042e-09,5.9127690658618795e-09,5.9127690658618795e-09
P09099,0.0,0.0,0.0
P09126,0.002489664890191168,0.0024896648901915207,0.0024896648901915207
P09147,0.0,0.0,0.0
P09148,0.0,0.0,0.0
P09151,0.23783797291471434,0.23783797291474798,0.23783797291474798
P09152,0.0,0.0,0.0
P09158,0.0,0.0,0.0
P09323,0.0,0.0,0.0
P09373,0.0,0.0,0.03214900812419165
P09394,0.0,0.0,0.0
P09424,0.0,0.0,0.0
P09546,0.0,0.0,0.0
P09551,0.0,0.0,0.0
P09831,0.0,0.0,0.0
P09832,0.0,0.0,0.0
P09833,3.973109419792336e-05,3.973109419792898e-05,3.973109419792898e-05
P0A6A3,0.005477599194511482,0.005479079759540846,0.0054790797595410095
P0A6A6,0.0003479102509726075,0.00034791025097265666,0.00034791025097265666
P0A6A8,0.16175770663098288,0.16175770663100572,0.16175770663100572
P0A6B4,0.0,0.0,0.23436164309472757
P0A6B7,0.14158431265521546,0.14158431265523574,0.14158431265523574
P0A6C5,7.321935021933163e-08,7.321935021934198e-08,7.321935021934198e-08
P0A6C8,0.04094490781531275,0.04094490781531854,0.04094490781531854
P0A6D3,0.06477404891318904,0.06477404891319821,0.06477404891319821
P0A6D5,0.0,0.0,0.0
P0A6D7,0.2085745613410176,0.20857456134104718,0.20857456134104718
P0A6E1,0.0,0.0,0.0
P0A6E4,8.311180100431762e-08,8.311180100432937e-08,8.311180100432937e-08
P0A6E6,7.202557200632688e-07,7.202512271688565e-07,7.202512271688555e-07
P0A6F1,0.0,0.0,0.0
P0A6F3,0.0,0.0,0.0
P0A6G3,0.0,0.0,0.0
P0A6G5,0.0,0.0,0.0
P0A6H8,0.0,0.0,0.0
P0A6I0,0.05463926317377345,0.05463926317378039,0.054639263173780386
P0A6I3,0.10880180075964833,0.10880180075923579,0.10880180075923579
P0A6I6,0.032518785451082555,0.03251878545095925,0.03251878545095925
P0A6I9,2.705508292594616e-09,2.7055082925843576e-09,2.7055082925843576e-09
P0A6J1,0.04902569915778394,0.049025699157790356,0.049025699157790356
P0A6J5,0.0,0.0,0.0
P0A6J8,0.30281561570229015,0.302815615702333,0.302815615702333
P0A6K1,5.59539738995089e-10,5.595397389951682e-10,5.595397389951682e-10
P0A6K6,0.14906984448117494,0.14906984448120497,0.14906984448120406
P0A6L0,0.0,0.0,0.0
P0A6L2,0.02483501275228564,0.02483501275228915,0.02483501275228915
P0A6L4,0.0,0.0,0.0
P0A6L7,0.0,0.0,0.0
P0A6P9,0.05804157011989154,0.05804133442968141,0.05804133442968141
P0A6Q3,0.0,0.0,0.0
P0A6Q6,1.2070392582345692e-08,1.2070392582347401e-08,1.2070392582347401e-08
P0A6R0,7.559639538999256e-06,7.559639539000325e-06,7.559639539000325e-06
P0A6S7,0.26708909884681353,0.2670890988468513,0.2670890988468513
P0A6T1,0.022392230882940154,0.02239157940640373,0.022391579406403687
P0A6T3,0.0,0.0,0.0
P0A6T5,3.6905587450882835e-08,3.690558745089164e-08,3.690558745089164e-08
P0A6T9,0.0,0.0,0.0
P0A6U8,0.0,0.0,0.0
P0A6V1,0.0,0.0,0.0
P0A6V5,0.0,0.0,0.0
P0A6V8,0.07193983840873902,0.07185798334836746,0.07185798334836593
P0A6W0,0.0,0.0,0.0
P0A6W3,1.006619524882765e-09,1.0066195248829072e-09,1.0066195248829072e-09
P0A6W9,0.0,0.0,0.0
P0A6X1,4.592819330118964e-09,4.592819330119614e-09,4.592819330119614e-09
P0A715,0.002569536113976223,0.0025695361139765863,0.0025695361139765863
P0A717,1.0,1.0,1.0
P0A720,0.21195344224776685,0.21195344224779683,0.21195344224779683
P0A722,0.14743991438864879,0.14743991438866963,0.14743991438866963
P0A725,2.2766887557688096e-09,2.2766887557691314e-09,2.2766887557691314e-09
P0A731,0.0,0.0,0.0
P0A738,0.0,0.0,0.0
P0A744,0.0,0.0,0.0
P0A746,0.0,0.0,0.0
P0A749,0.3994948412283082,0.39949484122836465,0.39949484122836465
P0A752,0.30139877099945045,0.30139877099978857,0.30139877099945045
P0A754,0.0,0.0,0.0
P0A759,0.0,0.0,0.0
P0A761,0.0,0.0,0.0
P0A763,0.0,0.0,0.0
P0A786,0.0027518603214827715,0.0027518603214831613,0.0027518603214831613
P0A790,0.04778173876976692,0.047781738769585747,0.047781738769585747
P0A794,0.002025029827175637,0.002025029827175923,0.002025029827175923
P0A796,1.0,1.0,1.0
P0A799,0.008218966073596103,0.008218932699197382,0.008218932699197382
P0A7A7,2.6915078204851954e-09,2.6915078204855754e-09,2.6915078204855754e-09
P0A7A9,0.007388575189302623,0.007388575189307449,0.007388575189307345
P0A7B1,0.0,0.0,0.0
P0A7B3,0.013117755680869916,0.013117755680869916,0.013117755680832417
P0A7B5,0.5366846943923513,0.5366846943924272,0.5366846943924272
P0A7D4,0.6833279504359336,0.6833279504360913,0.6833279504360862
P0A7D7,0.02219541985195599,0.022195419851960482,0.022195419851960357
P0A7E1,0.11550171958712634,0.11550171958714268,0.1155017195871427
P0A7E3,1.995931651831636e-08,1.9959316518319185e-08,1.9959316518319192e-08
P0A7E5,0.5584933263865041,0.5584933263865831,0.5584933263865832
P0A7E9,0.038323459298310054,0.03832345929831548,0.03832345929831548
P0A7F3,0.0,0.0,0.0
P0A7F6,0.0,0.0,0.0
P0A7I7,0.3369466313337577,0.3369466313342641,0.33694663133402275
P0A7J0,0.8590734685934456,0.8590734685947369,0.8590734685941215
P0A7Z0,0.0,0.00048663954399787406,0.0004866395439978749
P0A817,0.0013545566418493265,0.001354556641849518,0.001354556641849518
P0A825,0.22227503975229715,0.22227503975232774,0.22227503975232776
P0A836,0.33041187939636907,0.3303936984724865,0.3303936984724849
P0A840,1.0,1.0,1.0
P0A853,0.060476682875527425,0.060476682875535974,0.060476682875535974
P0A858,0.0727519200484994,0.07275130688600322,0.0727513068860032
P0A867,0.0,0.0,0.0
P0A870,0.16414024883781853,0.1641554567920434,0.16415545679204466
P0A877,0.000650717691666274,0.0006507176916663661,0.0006507176916663661
P0A879,0.0005527000668688896,0.0005527000668689678,0.0005527000668689678
P0A884,0.07074027470704476,0.07074027470705475,0.07074027470705475
P0A887,0.0,0.0,0.0
P0A8F0,0.0,0.0,0.0
P0A8F4,0.0,0.0,0.0
P0A8G3,0.0,0.0,0.0
P0A8G6,0.0,0.0,0.0
P0A8K1,0.010744881232735742,0.010744881232737258,0.010744881232737258
P0A8N5,0.0,0.0,0.0
P0A8Q0,0.0,0.0,0.0
P0A8Q3,0.0,0.0,0.0
P0A8Y1,0.0,0.0,0.0
P0A8Y3,0.0,0.0,0.0
P0A8Y5,0.0,0.0,0.0
P0A8Y8,0.0,0.0,0.0
P0A921,0.0,0.0,0.0
P0A924,5.961375588299497e-10,5.961375588300339e-10,5.961375588300339e-10
P0A935,0.0,0.0,0.0
P0A951,0.0,0.0,0.0
P0A953,1.8783063502298517e-07,1.8783063502301172e-07,1.8783063502301172e-07
P0A955,0.0,0.0,0.0
P0A959,0.0,0.0,0.0
P0A962,0.0,0.0,0.0
P0A991,1.0,1.0,1.0
P0A993,0.0,0.0,0.0
P0A996,0.0,0.0,0.0
P0A9B2,0.2513537874033553,0.25135276674194296,0.25135276674194296
P0A9B6,0.0004691631029012099,0.00046916310290127624,0.00046916310290127624
P0A9C0,0.0,0.0,0.0
P0A9C3,0.0,0.0,0.0
P0A9C5,1.0450994101214449e-07,1.0450994101217697e-07,1.0450994101217653e-07
P0A9C9,0.0,0.0,0.0
P0A9D4,0.07354552860795932,0.07354552860796894,0.07354552860796894
P0A9D8,0.02218814407775426,0.0221881440777574,0.0221881440777574
P0A9G6,0.0,0.0,0.0
P0A9H3,0.0,0.0,0.0
P0A9H5,0.0,0.0,0.0
P0A9H7,0.0,0.0,0.0
P0A9I1,0.0,0.0,0.0
P0A9I8,0.0,0.0,0.0
P0A9J4,0.0,0.0,0.0
P0A9J6,0.0,0.0,0.0
P0A9J8,5.307138452109174e-05,5.307138452109924e-05,5.307138452109924e-05
P0A9L8,0.0015751830088272258,0.0015751830088274483,0.0015751830088274483
P0A9M2,0.0,0.0,0.0
P0A9M5,0.0,0.0,0.0
P0A9M8,0.0,0.29587383764838465,0.0
P0A9N4,0.0,0.0,1.0
P0A9N8,0.0,0.0,0.0
P0A9P0,0.7270992813577751,0.7270957857735029,0.7270957857735025
P0A9P4,0.8866107731498051,0.8866107731500962,0.886610773150096
P0A9P9,0.0,0.0,0.0
P0A9Q5,0.07249120126061104,0.0724912012606213,0.07249120126062127
P0A9Q7,0.0,0.0,0.40585224095191486
P0A9Q9,0.041971450067646354,0.04197145006765266,0.04197145006765263
P0A9S1,0.0,0.0,0.0
P0A9S3,0.0,0.0,0.0
P0A9S5,0.0,0.0,0.0
P0A9T0,9.04060920884797e-05,9.04060920884797e-05,9.04060920884797e-05
P0A9U8,2.7484871687237005e-10,2.7484871687240883e-10,2.7484871687240883e-10
P0A9V1,0.001901596498177018,0.0019015964981772867,0.0019015964981772867
P0A9V8,0.0,0.0,0.0
P0A9X1,0.0,0.0,0.0
P0AA04,0.14038451153748743,0.14038857017134082,0.1403885701713409
P0AA25,0.6500788271749981,0.6670533385975959,0.6670533385975957
P0AA84,0.0,0.0,0.0
P0AA89,0.0,0.0,0.0
P0AAB4,4.35204670180848e-05,4.352046701809096e-05,4.352046701809096e-05
P0AAF3,0.0,0.0,0.0
P0AAF6,0.0,0.0,0.0
P0AAG3,0.0,0.0,0.0
P0AAG8,0.0,0.0,0.0
P0AAH0,0.0,0.0,0.0
P0AAI1,0.0,0.0,0.0
P0AAI5,0.0,0.0,0.0
P0AAI9,0.0006973588240287004,0.0006973588240287991,0.0006973588240287988
P0AAJ1,0.0,0.0,0.0
P0AAJ3,0.0,0.0,0.0
P0AAJ5,0.0,0.0,0.0
P0AAJ8,0.0,0.0,0.0
P0AAK1,0.0,0.0,0.0
P0AAK7,0.0,0.0,0.0
P0AAL3,0.0,0.0,0.0
P0AAM1,0.0,0.0,0.0
P0AAN3,0.0,0.0,0.0
P0AAX8,0.0,0.0,0.0
P0AB65,0.0,0.0,0.0
P0AB67,0.0,0.0,0.0
P0AB71,1.0,1.0,1.0
P0AB74,0.0,0.0,0.0
P0AB77,1.0,1.0,1.0
P0AB80,0.08611552599766233,0.0861155259976745,0.0861155259976745
P0AB87,0.0,0.0,0.0
P0AB89,0.2243031257740391,0.22430312577408704,0.22430312577408562
P0AB91,0.0,0.0,0.0
P0AB96,0.0,0.0,0.0
P0AB98,7.202557200632688e-07,7.202512271688565e-07,7.202512271688555e-07
P0ABA0,7.202557200632688e-07,7.202512271688565e-07,7.202512271688555e-07
P0ABA4,7.202557200632688e-07,7.202512271688565e-07,7.202512271688555e-07
P0ABA6,7.202557200632688e-07,7.202512271688565e-07,7.202512271688555e-07
P0ABB0,7.202557200632688e-07,7.202512271688565e-07,7.202512271688555e-07
P0ABB4,7.202557200632688e-07,7.202512271688565e-07,7.202512271688555e-07
P0ABB8,0.0,0.0,0.0
P0ABC0,0.0,0.0,0.0
P0ABD3,0.0,0.0,0.0
P0ABD5,0.026329023048751603,0.02632902304875533,0.026329023048755316
P0ABD8,0.023771254581173778,0.02377125458117714,0.02377125458117713
P0ABE9,2.306507333911895e-14,0.0,2.3065073339123298e-14
P0ABF6,0.0,0.0,0.0
P0ABF8,0.0,0.0,0.0
P0ABG1,3.0093438545788263e-09,3.0093438545792515e-09,3.0093438545792515e-09
P0ABG4,3.832381860265826e-11,3.832381860266368e-11,3.832381860266368e-11
P0ABH7,0.34248686479322055,0.3424703936909288,0.3424703936909274
P0ABI8,1.9922705041338415e-08,1.9922705041338415e-08,1.9922705041338415e-08
P0ABJ1,1.0,1.0,1.0
P0ABJ3,1.9922705041338415e-08,1.9922705041338415e-08,1.9922705041338415e-08
P0ABJ6,1.9922705041338415e-08,1.9922705041338415e-08,1.9922705041338415e-08
P0ABJ9,0.15081809169793306,0.15081809169793306,0.15081809169793306
P0ABK2,1.0,1.0,1.0
P0ABK5,0.0,0.0,0.0
P0ABK9,0.0,0.0,0.0
P0ABL1,0.0,0.0,0.0
P0ABL3,0.0,0.0,0.0
P0ABL5,0.0,0.0,0.0
P0ABL8,0.0,0.0,0.0
P0ABM1,0.0,0.0,0.0
P0ABM5,0.0,0.0,0.0
P0ABN1,0.0,0.0,0.0
P0ABP8,6.31929730743042e-05,6.319297307431313e-05,6.319297307431313e-05
P0ABQ0,0.06666925967486162,0.06666925967460884,0.06666925967460884
P0ABQ2,0.0,0.0,0.0
P0ABQ4,0.11895287784396957,0.11895287784398668,0.11895287784398668
P0ABR5,0.0,0.0,0.0
P0ABR9,0.0,0.0,0.0
P0ABU0,0.0,0.0,0.0
P0ABW0,0.0,0.0,0.0
P0ABY4,0.0055529046310530805,0.08154461265836646,0.08154461265836646
P0ABZ4,0.248508229446678,0.24850822944671314,0.24850822944671314
P0AC00,0.0,0.0,0.0
P0AC13,1.1850336931875489e-09,1.1850336931878317e-09,1.1850336931878317e-09
P0AC16,1.4513454166565918e-09,1.4513454166569382e-09,1.4513454166569382e-09
P0AC19,0.0,0.0,0.0
P0AC28,0.0,0.0,0.0
P0AC33,0.0,0.0,0.0
P0AC35,0.0,0.0,0.0
P0AC38,0.0,0.0,0.0
P0AC41,1.3440890719041052e-08,1.3440184523223388e-08,1.344018452322333e-08
P0AC44,1.3440890719041052e-08,1.3440184523223388e-08,1.344018452322333e-08
P0AC47,0.0,0.0,0.0
P0AC53,0.02299758902413196,0.022999394965276403,0.022999394965276514
P0AC59,1.0,1.0,1.0
P0AC62,1.0,1.0,1.0
P0AC69,1.0,1.0,1.0
P0AC75,1.068603313468806,1.068603313468957,1.068603313468957
P0AC78,0.0,0.0,0.0
P0AC81,0.0,0.0,0.0
P0AC84,0.0,0.0,0.0
P0AC86,0.0,0.0,0.0
P0AC88,0.0,0.0,0.0
P0ACB2,0.055949102623260284,0.0559491026232682,0.0559491026232682
P0ACB4,0.17179769473932152,0.17179769473934584,0.17179769473934584
P0ACC7,0.025853892468013732,0.02585389246801739,0.02585389246801739
P0ACD4,0.12529221481137856,0.12529221481139657,0.12529221481139657
P0ACD8,0.0,0.0,0.0
P0ACE0,0.0,0.0,0.0
P0ACE7,0.0,0.0,0.0
P0ACV0,0.0,0.0,0.0
P0ACV2,0.0,0.0,0.0
P0AD57,0.06065475397622781,0.0606547539762364,0.0606547539762364
P0AD61,0.0,0.0,0.0
P0AD65,9.935625980499162e-10,9.935625980500566e-10,9.935625980500566e-10
P0AD68,9.935625980499162e-10,9.935625980500566e-10,9.935625980500566e-10
P0AD70,0.0,0.0,0.0
P0ADA1,0.0,0.0,0.0
P0ADC1,0.0043761352581016865,0.004376135258102306,0.004376135258102306
P0ADC6,0.023149345340060606,0.023149345340063878,0.023149345340063878
P0ADF6,0.0,0.0,0.0
P0ADF8,0.4812549881156122,0.4812549881157241,0.8065712857185926
P0ADG4,0.0,0.0,0.0
P0ADG7,0.33168872744851063,0.33168872744855843,0.33168872744855804
P0ADI4,0.0,0.0,0.0
P0ADP0,0.0,0.0,0.0
P0ADU2,0.03757182658275035,0.037571181303733006,0.03757118130373283
P0ADV1,0.0019406604887815058,0.0019406604887817801,0.0019406604887817801
P0ADV9,0.036395037986791536,0.03639503798679668,0.03639503798679668
P0AE08,0.0,0.0,0.0
P0AE12,0.0,0.0,0.0
P0AE22,0.0,0.0,0.0
P0AE26,0.0,0.0,0.0
P0AE30,0.0,0.0,0.0
P0AE34,0.0,0.0,0.0
P0AE37,0.0,0.0,0.0
P0AE52,0.0,0.0,0.0
P0AE76,0.0,0.0,0.0
P0AEA5,0.0,0.0,0.0
P0AEA8,0.00765537023422702,0.007655370234228104,0.007655370234228104
P0AEB0,0.0,0.0,0.0
P0AEB2,0.0,0.0,0.0
P0AED7,6.282542408347236e-10,6.282542408348125e-10,6.282542408348125e-10
P0AEE5,0.0,0.0,0.0
P0AEG6,0.0,0.0,0.0
P0AEI6,0.0,0.0,0.0
P0AEJ2,0.0,0.0,0.0
P0AEJ6,0.0,0.0,0.0
P0AEK2,2.5469389391685574e-08,2.5469389391689177e-08,2.5469389391689177e-08
P0AEK4,3.2520456398649676e-06,3.2520456398654267e-06,3.2520456398654267e-06
P0AEK7,0.0,0.0,0.0
P0AEL0,0.0,0.0,0.0
P0AEL6,0.0,0.0,0.0
P0AEM9,0.0,0.0,0.0
P0AEN1,1.0,1.0,1.0
P0AEP3,0.0,0.0,0.0
P0AEP7,0.0,0.0,0.0
P0AEP9,0.0,0.10526836329932912,0.10526836329932912
P0AEQ3,0.0,0.0,0.0
P0AEQ6,0.0,0.0,0.0
P0AER3,0.0,0.0,0.0
P0AER5,0.0,0.0,0.0
P0AES0,0.0,0.0,0.0
P0AES2,0.0,0.0,0.0
P0AET8,0.0,0.0,0.0
P0AEU0,0.0,0.0,0.0
P0AEU3,0.0,0.0,0.0
P0AEW4,0.0,0.0,0.0
P0AEW6,0.0,0.0,0.0
P0AEW9,0.0,0.0,0.0
P0AEX9,0.0,0.0,0.0
P0AEY3,0.0,0.0,0.0
P0AEZ1,0.028733091954294146,0.028733091954298212,0.028733091954298212
P0AEZ7,0.0,0.0,0.0
P0AF01,4.742290643758949e-15,4.7422906437596194e-15,4.7422906437596194e-15
P0AF03,0.0,0.0,0.0
P0AF12,0.0037107077590934653,0.00371070775909399,0.00371070775909399
P0AF16,3.832381860265826e-11,3.832381860266368e-11,3.832381860266368e-11
P0AF18,0.0,0.0,0.0
P0AF24,0.0,0.0,0.0
P0AF26,0.0,0.0,0.0
P0AF32,0.0,0.0,0.0
P0AF98,0.023093685764803668,0.023093685764806932,0.023093685764806932
P0AFA9,0.0,0.0,0.0
P0AFC0,1.1135150218595607e-11,1.1135150218598264e-11,1.1135150218598264e-11
P0AFC3,7.491906157240523e-09,7.491821913953898e-09,7.491821913953883e-09
P0AFC7,7.491906157240523e-09,7.491821913953898e-09,7.491821913953883e-09
P0AFD1,7.491906157240523e-09,7.491821913953898e-09,7.491821913953883e-09
P0AFD4,7.491906157240523e-09,7.491821913953898e-09,7.491821913953883e-09
P0AFD6,7.491906157240523e-09,7.491821913953898e-09,7.491821913953883e-09
P0AFE0,7.491906157240523e-09,7.491821913953898e-09,7.491821913953883e-09
P0AFE4,7.491906157240523e-09,7.491821913953898e-09,7.491821913953883e-09
P0AFE8,7.491906157240523e-09,7.491821913953898e-09,7.491821913953883e-09
P0AFF0,7.491906157240523e-09,7.491821913953898e-09,7.491821913953883e-09
P0AFG3,0.36694146951577017,0.36692219026172684,0.3669221902617252
P0AFG6,0.13834825487371097,0.13834098600013373,0.13834098600013311
P0AFG8,1.0,1.0,1.0
P0AFI0,0.0,0.0,0.0
P0AFI5,0.0,0.0,0.0
P0AFI7,0.0,0.0,0.0
P0AFK4,0.0,0.0,0.0
P0AFK6,0.0,0.0,0.0
P0AFK9,0.0,0.0,0.0
P0AFL1,0.0,0.0,0.0
P0AFL6,0.0,0.0,0.0
P0AFM2,0.0,0.0,0.0
P0AFP4,0.0,0.0,0.0
P0AFQ5,0.0,0.0,0.0
P0AFR9,0.0,0.0,0.0
P0AFS1,0.0,0.0,0.0
P0AFS3,0.0,0.0,0.0
P0AFS9,0.0,0.0,0.0
P0AFT2,0.0,0.0,0.0
P0AFU8,0.125639563437529,0.12563956343771784,0.12563956343762783
P0AFV4,0.0,0.0,0.0
P0AG00,0.0,0.0,0.0
P0AG07,4.032303819347873e-10,4.032755680510564e-10,4.0327556805106005e-10
P0AG16,0.21897539527710871,0.21897539527715304,0.2189753952771518
P0AG18,0.2702842100250825,0.27028421002513725,0.27028421002513564
P0AG20,0.0,0.0,0.0
P0AG24,0.0,0.0,0.0
P0AG40,0.013609039151811332,0.013609039151850322,0.013609039151830826
P0AG78,0.0,0.0,0.0
P0AG80,0.0,0.0,0.0
P0AG82,0.0,0.0,0.0
P0AG84,0.0,0.0,0.0
P0AGB0,1.0,1.0,1.0
P0AGC3,0.0,0.0,0.0
P0AGC5,0.0,0.0,0.0
P0AGD1,0.0,0.0,0.0
P0AGD3,0.0,0.0,0.0
P0AGE6,0.0,0.0,0.0
P0AGE9,0.26348121252429035,0.2634667144624224,0.26346671446242115
P0AGF6,0.0,0.0,0.0
P0AGG0,0.8090065420070628,0.8090065420071774,0.8090065420071774
P0AGG2,0.5448690890020718,0.5448690890021487,0.5448690890021487
P0AGG4,1.0,0.0,0.0
P0AGH8,0.0,0.0,0.0
P0AGI1,0.0,0.0,0.0
P0AGI4,0.0,0.0,0.0
P0AGK1,2.15284531008769e-08,2.1528453100879948e-08,2.1528453100879948e-08
P0C066,0.0,0.0,0.0
P0C0T5,0.0,0.0,0.0
P0C7L2,0.0,0.0,0.0
P0C8J6,0.0,0.0,0.0
P0C8J8,0.0,0.0,0.0
P0C8K0,0.0,0.0,0.0
P0C960,0.0,0.0,0.0
P0CI31,0.0,0.0,0.0
P0DP69,0.0,0.0,0.0
P10346,0.0,0.0,0.0
P10371,0.17405103680188752,0.17405103680191217,0.17405103680191217
P10378,0.0,0.0,0.0
P10441,0.034931772470373684,0.03493177247037862,0.03493177247037862
P10902,0.3083456148177595,0.30834561481810546,0.3083456148177595
P10905,0.0,0.0,0.0
P10906,0.0,0.0,0.0
P10907,0.0,0.0,0.0
P10908,0.0,0.0,0.0
P11349,0.0,0.0,0.0
P11350,0.0,0.0,0.0
P11446,3.866310651806335e-08,3.866310651806882e-08,3.866310651806882e-08
P11447,0.0012915311338123057,0.0012915311338124883,0.0012915311338124883
P11454,0.0,0.0,0.0
P11458,0.15152383228546407,0.15152383228563404,0.15152383228546407
P11553,0.0,0.0,0.0
P11868,0.0,0.0,0.0
P11880,0.0422369791714906,0.042236979171496575,0.042236979171496575
P11988,0.0,0.0,0.0
P12008,0.37492822621917254,0.3749282262192256,0.3749282262192256
P12281,0.0,0.0,0.0
P12282,0.0,0.0,0.0
P12758,0.0,0.0,0.0
P12995,0.0002737533888790449,0.00027375338887908356,0.00027375338887908356
P12996,2.4709654811365724e-05,2.4709654811369217e-05,2.4709654811369217e-05
P12998,0.005256566183311542,0.0052565661833122845,0.0052565661833122845
P12999,2.23219117778324e-15,2.2321911777835555e-15,2.2321911777835555e-15
P13000,0.0848162882032304,0.0848162882032424,0.0848162882032424
P13001,9.910171743614207e-05,9.910171743615607e-05,9.910171743615607e-05
P13009,1.0,1.0,1.0
P13016,0.0,0.0,0.0
P13029,0.009280386310528268,0.009280226916653268,0.0
P13033,0.0,0.0,0.0
P13035,0.0,0.0,0.0
P13482,0.0,0.0,0.0
P14081,0.0,0.0,0.0
P14175,0.0,0.0,0.0
P14176,0.0,0.0,0.0
P14407,2.127029734694795e-09,2.1269271785716064e-09,4.980161226619424e-10
P14900,3.224249698531736e-09,3.224249698532192e-09,3.224249698532192e-09
P15028,0.0,0.0,0.0
P15029,0.0,0.0,0.0
P15030,0.0,0.0,0.0
P15031,0.0,0.0,0.0
P15042,0.0,0.0,0.0
P15047,0.0,0.0,0.0
P15067,0.0,0.0,0.0
P15254,1.7300651072457653e-06,1.7300651072461155e-06,1.7300651072461058e-06
P15288,0.0,0.0,0.0
P15639,2.436098595833668e-08,2.4360985958341352e-08,2.4360985958341237e-08
P15640,0.4896123122293327,0.4896123122294318,0.489612312229429
P15723,0.0,0.0,0.0
P15770,0.394452318628501,0.39445231862855684,0.39445231862855684
P15877,0.0,0.0,0.0
P15977,0.0,0.0,0.0
P16095,0.0,0.0,0.0
P16429,0.0,0.0,0.0
P16430,0.0,0.0,0.0
P16431,0.0,0.0,0.0
P16432,0.0,0.0,0.0
P16433,0.0,0.0,0.0
P16456,0.0,0.0,0.0
P16676,0.0,0.0,0.0
P16677,0.0,0.0,0.0
P16679,0.0,0.0,0.0
P16682,0.0,0.0,0.0
P16685,0.0,0.0,0.0
P16686,0.0,0.0,0.0
P16687,0.0,0.0,0.0
P16688,0.0,0.0,0.0
P16689,0.0,0.0,0.0
P16690,4.759253179474864e-08,4.759253179475823e-08,4.759253179475794e-08
P16691,0.0,0.0,0.0
P16692,0.0,0.0,0.0
P16700,0.0,0.0,0.0
P16701,0.0,0.0,0.0
P16703,0.2344153055955139,0.23441530559554458,0.23441530559554458
P17109,0.0,0.0,0.0
P17115,0.0,0.0,0.0
P17169,0.04036649766946937,0.040366497669475074,0.040366497669475074
P17334,0.0,0.0,0.0
P17411,0.0,0.0,0.0
P17443,0.3530563883735066,0.3530563883735565,0.3530563883735565
P17444,0.0,0.0,0.0
P17445,0.0,0.0,0.0
P17846,0.1039804628312208,0.10398046283123523,0.10398046283123523
P17854,1.4263780836361285e-07,1.426378083636315e-07,1.426378083636315e-07
P17952,5.3653152893916345e-09,5.365315289392393e-09,5.365315289392393e-09
P17993,0.0,0.0,0.0
P18133,0.0,0.0,0.0
P18200,0.0,0.0,0.0
P18335,0.0,0.0,0.0
P18775,0.0,0.0,0.0
P18776,0.0,0.0,0.0
P18777,0.0,0.0,0.0
P18843,0.005175284619865402,0.005175284619871208,0.005175284619865402
P18956,0.0,0.0,0.0
P19317,0.0,0.0,0.0
P19318,0.0,0.0,0.0
P19319,0.0,0.0,0.0
P19624,0.0312754213358753,0.03127542133587972,0.03127542133587972
P19636,0.0,0.0,0.0
P19642,0.0,1.246452016854262e-08,0.0
P19925,0.0,0.0,0.0
P19926,0.0,0.0,0.0
P20099,0.0,0.0,0.0
P20966,0.0,0.0,0.0
P21151,2.728751306065918e-07,2.7301405585271434e-07,2.728751306066303e-07
P21156,0.2808773019856609,0.28087730198569766,0.28087730198569766
P21169,0.0,0.0,0.0
P21170,0.0,0.0,0.0
P21177,0.4951145682027254,0.49511456820279537,0.49511456820279537
P21179,0.0,0.0,0.04126331439986299
P21369,0.0,0.0,0.0
P21437,0.0,0.0,0.0
P21514,0.0,0.0,0.0
P21515,0.0,0.0,0.0
P21517,0.0,0.0,0.0
P21599,0.0,0.0,0.0
P21645,0.7246336262207136,0.7246336262208161,0.7246336262208161
P21829,0.0,0.0,0.0
P22106,1.0,1.0,1.0
P22188,4.127225037933633e-09,4.127225037934217e-09,4.127225037934217e-09
P22255,0.7424065310979933,0.7424065310980905,0.7424065310980905
P22256,0.0,0.0,0.0
P22259,0.0,0.0,0.0
P22333,0.0,0.0,0.0
P22525,0.0,0.0,0.0
P22564,0.0,0.0,0.0
P22634,0.9634635080903665,0.9634635080905026,0.9634635080905026
P22939,2.1908395477551574e-10,2.190839547755472e-10,2.190839547755472e-10
P23200,0.0,0.0,0.0
P23256,0.0,0.0,0.0
P23331,0.0,0.0,0.0
P23522,0.0,0.0,0.0
P23524,0.0,0.0,0.0
P23538,0.0,0.0,0.0
P23721,0.00042789639643087016,0.0004278963964308936,0.0004278963964308936
P23830,0.047831404632465,0.047831404632471756,0.047831404632471756
P23845,0.2587146677004457,0.25871466770047963,0.25871466770047963
P23857,0.0,0.0,0.0
P23871,0.0,0.0,0.0
P23876,0.0,0.0,0.0
P23877,0.0,0.0,0.0
P23878,0.0,0.0,0.0
P23883,0.0,0.0,0.0
P23893,0.04525256146255888,0.04525256146256528,0.04525256146256528
P23908,0.001333367136582463,0.0013333671365826515,0.0013333671365826515
P23917,0.0,0.0,0.0
P23930,0.0,0.0,0.0
P24169,0.0,0.0,0.0
P24173,0.0,0.0,0.0
P24174,0.0,0.0,0.0
P24175,0.0,0.0,0.0
P24182,0.04669122817151022,0.04669122817151682,0.0466912281715168
P24183,0.0,0.0,0.0
P24186,0.7294491233558584,0.7294491233559567,0.7294491233559567
P24203,0.0,0.0,0.0
P24205,0.0,0.0,0.0
P24215,0.0,0.0,0.0
P24224,0.0,0.0,0.0
P24228,0.0,0.0,0.0
P24232,0.0,0.0,0.0
P24240,0.0,0.0,0.0
P24241,0.0,0.0,0.0
P25397,0.0,0.0,0.0
P25437,0.0,0.0,0.0
P25516,9.342962490073005e-07,9.342513162210534e-07,9.342513162210496e-07
P25519,0.0,0.0,0.0
P25524,0.0,0.0,0.0
P25526,0.0,0.0,0.0
P25534,0.0,0.0,0.0
P25535,0.0058624995351417575,0.005862499535142587,0.005862499535142587
P25536,0.0,0.0,0.0
P25539,0.003735976350881931,0.0037359763508875467,0.0037359763508848704
P25552,0.0,0.0,0.0
P25553,1.9583058269942994e-05,1.958305826994767e-05,1.958305826994767e-05
P25665,0.20246566139065494,0.20246566139070024,0.20246566139070024
P25718,0.0,0.0,0.0
P25740,0.0,0.0,0.0
P25741,0.0,0.0,0.0
P25742,0.0,0.0,0.0
P25889,0.0,0.0,0.0
P26281,2.460372496725522e-11,2.4603724967261095e-11,2.4603724967261095e-11
P26365,0.0,0.0,0.0
P26458,6.011961571962896e-11,6.011961571962896e-11,6.011961571962896e-11
P26459,1.0,1.0,1.0
P26602,0.07377964067405719,0.07377964067406763,0.07377964067406763
P26612,0.0,0.0,0.0
P26616,0.0,0.0,0.0
P26646,0.0,0.0,0.0
P26647,0.040780905453236,0.04078090545324176,0.04078090545324176
P27126,0.0,0.0,0.0
P27127,0.0,0.0,0.0
P27128,0.0,0.0,0.0
P27129,0.0,0.0,0.0
P27240,0.0,0.0,0.0
P27241,0.0,0.0,0.0
P27242,0.0,0.0,0.0
P27243,0.0,0.0,0.0
P27247,0.0,0.0,0.0
P27248,0.0,0.0,0.0
P27250,0.0,0.0,0.0
P27253,0.0,0.0,0.0
P27254,0.0,0.0,0.0
P27278,0.0,0.0,0.0
P27300,1.5652150673755985e-09,1.5652150673758198e-09,1.5652150673758198e-09
P27302,0.15821027656238446,0.15822800565292922,0.15822800565293066
P27306,0.0,0.0,0.0
P27550,0.0,0.0,0.0
P27828,0.0,0.0,0.0
P27829,0.0,0.0,0.0
P27830,0.0,0.0,0.0
P27832,0.0,0.0,0.0
P27833,0.0,0.0,0.0
P27835,0.0,0.0,0.0
P27836,0.0,0.0,0.0
P27848,0.0,0.0,0.0
P28248,0.0,0.0,0.0
P28305,3.604066723846373e-13,3.6040667238472337e-13,3.6040667238472337e-13
P28306,0.0,0.0,0.0
P28629,0.0,0.0,0.0
P28635,0.0,0.0,0.0
P28861,0.0,0.0,0.0
P28903,0.13552919732222826,0.1355291973222474,0.1355291973222474
P28904,0.0,0.0,0.0
P29012,1.1763869303302064,1.1763869303303727,1.0
P29208,0.0,0.0,0.0
P29680,1.339254994604054,1.3392549946042434,1.3392549946042434
P30011,3.141624399043467e-09,3.1416243990469915e-09,3.141624399043467e-09
P30125,0.03584314214567484,0.035843142145679914,0.035843142145679914
P30126,0.0001427964542808909,0.00014279645428091109,0.00014279645428091109
P30136,9.785533679253074e-13,9.785533679254458e-13,9.785533679254458e-13
P30137,2.170980733896478e-10,2.1709807338967853e-10,2.1709807338967853e-10
P30138,3.588023848938717e-09,3.5880238489392246e-09,3.5880238489392246e-09
P30139,1.6560587006247305e-13,1.6560587006249645e-13,1.6560587006249645e-13
P30140,3.588023848938717e-09,3.5880238489392246e-09,3.5880238489392246e-09
P30147,0.0,0.0,0.0
P30235,0.0,0.0,0.0
P30744,0.0,0.0,0.0
P30745,0.0,0.0,0.0
P30748,0.0,0.0,0.0
P30749,0.0,0.0,0.0
P30750,0.0,0.0,0.0
P30859,0.0,0.0,0.0
P30860,0.0,0.0,0.0
P30863,0.0,0.0,0.0
P31057,0.009555505641292598,0.009555505641256366,0.009555505641256366
P31119,3.874993384758957e-08,3.874993384759504e-08,3.874993384759504e-08
P31120,0.2245767002409982,0.22457670024102996,0.22457670024102996
P31129,0.0,0.0,0.0
P31133,0.0,0.0,0.0
P31134,0.0,0.0,0.0
P31135,0.0,0.0,0.0
P31142,0.0,0.0,0.0
P31434,0.0,0.0,0.0
P31441,0.0,0.0,0.0
P31459,0.0,0.0,0.0
P31467,0.0,0.0,0.0
P31545,1.65605870062473e-15,1.6560587006249646e-15,1.6560587006249646e-15
P31547,0.0,0.0,0.0
P31548,0.0,0.0,0.0
P31549,0.0,0.0,0.0
P31550,0.0,0.0,0.0
P31551,0.0,0.0,0.0
P31552,0.0,0.0,0.0
P31554,0.0043917346934578055,0.004391734693458426,0.004391734693458426
P31572,0.0,0.0,0.0
P31658,0.0,0.0,0.0
P31660,0.0,0.0,0.0
P31663,0.009641378110708457,0.009641378110671901,0.009641378110671901
P31677,0.0,0.0,0.0
P31678,0.0,0.0,0.0
P31806,0.0,0.0,0.0
P31979,7.491906157240523e-09,7.491821913953898e-09,7.491821913953883e-09
P32055,0.0,0.0,0.0
P32056,0.0,0.0,0.0
P32099,0.0,0.0,0.0
P32125,0.0,0.0,0.0
P32131,0.0,0.0,0.0
P32138,0.0,0.0,0.0
P32140,0.0,0.0,0.0
P32141,0.0,0.0,0.0
P32143,0.0,0.0,0.0
P32166,0.0,0.0,0.0
P32169,0.0,0.0,0.0
P32170,0.0,0.0,0.0
P32171,0.0,0.0,0.0
P32173,0.0,0.0,0.0
P32176,0.0,0.0,0.0
P32662,0.0,0.0,0.0
P32664,0.0,0.0,0.0
P32669,4.372247447353948e-08,4.278045008349264e-08,4.27804500834926e-08
P32674,1.2103564852975568e-07,1.2104420411305559e-07,1.2003497808872887e-07
P32675,1.2103564852975568e-07,1.2104420411305559e-07,1.2003497808872887e-07
P32709,0.0,0.0,0.0
P32718,0.0,0.0,0.0
P32719,0.0,0.0,0.0
P32720,0.0,0.0,0.0
P32721,0.0,0.0,0.0
P33013,0.0,0.0,0.0
P33018,0.0,0.0,0.0
P33022,0.0,0.0,0.0
P33025,0.0,0.0,0.0
P33030,0.0,0.0,0.0
P33195,0.0,0.0,0.0
P33221,0.009619405861338234,0.009619405861340182,0.009619405861340129
P33225,0.0,0.0,0.0
P33226,0.0,0.0,0.0
P33232,0.0,0.0,0.0
P33359,0.0,0.0,0.0
P33360,0.0,0.0,0.0
P33361,0.0,0.0,0.0
P33362,0.0,0.0,0.0
P33363,0.0,0.0,0.0
P33570,0.0,0.0,0.0
P33590,0.0,0.0,0.0
P33591,0.0,0.0,0.0
P33593,0.0,0.0,0.0
P33594,0.0,0.0,0.0
P33599,7.491906157240523e-09,7.491821913953898e-09,7.491821913953883e-09
P33602,7.491906157240523e-09,7.491821913953898e-09,7.491821913953883e-09
P33607,7.491906157240523e-09,7.491821913953898e-09,7.491821913953883e-09
P33931,0.0,0.0,0.0
P33934,0.0,0.0,0.0
P33937,0.0,0.0,0.0
P33940,0.0,0.0,0.0
P35340,0.0,0.0,0.0
P36548,0.0,0.0,0.0
P36553,2.5327591883384586e-09,2.5327591883388168e-09,2.5327591883388168e-09
P36561,0.0,0.0,0.0
P36562,0.0,0.0,0.0
P36649,0.0,0.0,0.0
P36655,0.0,0.0,0.0
P36672,0.0,0.0,0.0
P36683,0.0,0.0,0.0
P36937,0.0,0.0,0.0
P36938,0.0,0.0,0.0
P37001,0.0,0.0,0.0
P37028,0.0,0.0,0.0
P37051,0.0,0.0,0.0
P37095,0.0,0.0,0.0
P37128,0.0,0.0,0.0
P37146,0.0,0.0,0.0
P37180,0.0,0.0,0.0
P37188,0.0,0.0,0.0
P37306,3.7925106598250946e-10,3.7925106598256313e-10,3.7925106598256313e-10
P37329,1.0752551356270626e-06,1.0752551356272147e-06,1.0752551356272147e-06
P37330,0.0,0.0,0.0011784913339163681
P37339,0.0,0.0,0.0
P37349,5.256972203771701e-09,5.256880247873726e-09,5.256880247873722e-09
P37351,0.042749278206165024,0.0,0.0
P37353,0.0,0.0,0.0
P37355,0.0,0.0,0.0
P37387,0.0,0.0,0.0
P37388,0.0,0.0,0.0
P37595,0.0,0.0,0.0
P37596,0.0,0.0,0.0
P37610,0.0,0.0,0.0
P37617,0.0,0.0,0.0
P37623,0.0,0.0,0.0
P37646,0.0,0.0,0.0
P37647,0.0,0.0,0.0
P37661,0.0,0.0,0.0
P37666,0.0,0.0,0.0
P37672,0.0,0.0,0.0
P37677,0.0,0.0,0.0
P37678,0.0,0.0,0.0
P37679,0.0,0.0,0.0
P37680,0.0,0.0,0.0
P37685,0.0,0.0,0.0
P37686,8.656973336199965e-12,8.656973336199965e-12,8.656973336199965e-12
P37689,0.0,0.0,0.0
P37691,0.0,0.0,0.0
P37692,0.0,0.0,0.0
P37744,0.0,0.0,0.0
P37745,0.0,0.0,0.0
P37747,0.0,0.0,0.0
P37748,0.0,0.0,0.0
P37749,0.0,0.0,0.0
P37750,0.0,0.0,0.0
P37759,0.0,0.0,0.0
P37760,0.0,0.0,0.0
P37766,0.0,0.0,0.0
P37769,0.0,0.0,0.0
P37772,0.0,0.0,0.0
P37773,0.0,0.0,0.0
P37774,0.0,0.0,0.0
P37794,0.0,0.0,0.0
P37902,0.0,0.0,0.0
P37906,0.0,0.0,0.0
P38038,0.06699017398011332,0.06699017398012262,0.06699017398012262
P38051,0.0,0.0,0.0
P38135,0.0,0.0,0.0
P38489,0.0,0.0,0.0
P39160,0.0,0.0,0.0
P39172,0.0,0.0,0.0
P39176,0.0,0.0,0.0
P39208,0.0,0.0,0.0
P39265,0.0,0.0,0.0
P39280,0.0,0.0,0.0
P39286,0.0,0.0,0.0
P39300,0.0,0.0,0.0
P39301,0.0,0.0,0.0
P39304,0.0,0.0,0.0
P39305,0.0,0.0,0.0
P39306,0.0,0.0,0.0
P39325,0.0,0.0,0.0
P39328,0.0,0.0,0.0
P39346,0.0,0.0,0.0
P39358,0.0,0.0,0.0
P39359,0.0,0.0,0.0
P39400,0.0,0.0,0.0
P39411,0.0,0.0,0.0
P39451,0.0,0.0,0.0
P39452,0.0,0.0,0.0
P39829,0.0,0.0,0.0
P39831,0.0,0.0,0.0
P39832,0.0,0.0,0.0
P40191,0.0,0.0,0.0
P40874,0.0,0.0,0.0
P41052,0.0,0.0,0.0
P41409,0.0,0.0,0.0
P42588,0.0,0.0,0.0
P42604,0.0,0.0,0.0
P42630,0.0,0.0,0.0
P42632,0.0,0.0,0.0
P43337,0.0,0.0,0.0
P43341,1.326118796499492e-10,1.3261187964996795e-10,1.3261187964996795e-10
P45395,0.043699402567937064,0.04369940256794324,0.04369940256794324
P45425,0.0,0.0,0.0
P45541,0.0,0.0,0.0
P45543,0.0,0.0,0.0
P45563,0.0,0.0,0.0
P45568,1.2138487345067972e-11,1.2138487345069975e-11,1.2138487345069975e-11
P45578,0.003150586674887067,0.0031505866748875126,0.0031505866748875126
P45799,0.0,0.0,0.0
P46022,3.832381860265826e-11,3.832381860266368e-11,3.832381860266368e-11
P46859,0.0,0.0,0.0
P46883,0.0,0.0,0.0
P46891,0.0,0.0,0.0
P46923,0.0,0.0,0.0
P50457,2.7159013774311447e-09,2.715901377431529e-09,2.715901377431529e-09
P51020,0.0,0.0,0.0
P51025,0.0,0.0,0.0
P51981,0.0,0.0,0.0
P52005,0.0,0.0,0.0
P52006,3.3861590032849854e-12,3.386159003285464e-12,3.386159003285464e-12
P52043,0.0,0.0,0.0
P52045,0.0,0.0,0.0
P52061,0.0,0.0,0.0
P52073,0.0,0.0,0.0
P52074,0.0,24.51983689613282,24.51983689613282
P52086,0.0,0.0,0.0
P52094,0.0,0.0,0.0
P52095,0.0,0.0,0.0
P52643,0.0,0.0,0.0
P52647,0.49169387082990323,0.49169387082997307,0.49169387082997307
P52697,0.011600019889185204,0.011600930808724303,0.01160093080872436
P54745,0.0,0.0,0.0
P54746,0.0,0.0,0.0
P55734,0.0,0.0,0.0
P56100,6.816843996187155e-10,6.816843996187155e-10,6.816843996187155e-10
P56258,0.0,0.0,0.0
P56579,0.0,0.0,0.0
P56580,0.0,0.0,0.0
P60472,4.247690071928836e-12,4.247690071929607e-12,4.247690071929607e-12
P60546,0.19845444263499626,0.1984544426350249,0.19845444263502462
P60560,0.0,0.0,0.0
P60595,0.0174876556458638,0.01748765564586627,0.01748765564586627
P60651,0.0,0.0,0.0
P60664,0.019921233083055316,0.019921233083058133,0.019921233083058133
P60716,0.0,0.0,0.0
P60720,0.0,0.0,0.0
P60752,0.18847798175148867,0.1884779817515153,0.1884779817515153
P60757,0.34940233166775275,0.34940233166780216,0.34940233166780216
P60782,0.0,0.0,0.0
P60932,0.0,0.0,0.0
P61517,0.0,9.465346823969576e-07,0.0
P61714,3.3441250923060894e-05,3.344125092311116e-05,3.3441250923087207e-05
P61887,0.0,0.0,0.0
P61889,0.021282083153016395,0.02128218087965352,0.021282180879653428
P61949,0.05191497738792327,0.0486606812985493,0.0486606812985493
P62601,0.0,0.0,0.0
P62615,0.3557871175630961,0.35578711756315484,0.35578711756315484
P62617,0.019475335081766548,0.019475335081769764,0.019475335081769764
P62620,3.328083330412896e-09,3.3280833304134452e-09,3.3280833304134452e-09
P62623,0.5915499560284697,0.5915499560285686,0.5915499560285686
P62707,0.018123050852967167,0.01812297726044279,0.01812297726044279
P63224,0.0,0.0,0.0
P63228,0.0,0.0,0.0
P63883,0.0,0.0,0.0
P64461,7.169437835201642e-05,7.169437835202656e-05,7.169437835202656e-05
P64636,0.0,0.0,0.0
P65870,0.0,0.0,0.0
P66899,0.0,0.0,0.0
P67910,0.0,0.0,0.0
P68066,0.0,0.0,0.0
P68183,0.0,0.0,0.0
P68187,0.0,0.0,0.0
P68688,1.0,1.0,1.0
P68699,7.202557200632688e-07,7.202512271688565e-07,7.202512271688555e-07
P68767,0.0,0.0,0.0
P69054,1.3440890719041052e-08,1.3440184523223388e-08,1.344018452322333e-08
P69330,0.0,0.0,0.0
P69432,0.0,0.0,0.0
P69441,0.07073950440300068,0.07073950440301131,0.07073950440301116
P69451,0.0,0.0,0.0
P69490,0.0,0.0,0.0
P69503,0.0,0.0,0.0
P69739,0.0,0.0,0.0
P69741,0.0,0.0,0.0
P69776,0.0,0.0,0.0
P69783,0.07133470043049961,0.07133815891407502,0.07133815891407509
P69786,0.6412180290592469,0.0,0.6412491169030089
P69791,0.0,0.0,0.0
P69795,0.0,0.0,0.0
P69797,0.0,0.0,0.0
P69801,0.0,0.0,0.0
P69805,0.0,0.0,0.0
P69811,0.0,0.0,0.0
P69820,0.0,0.0,0.0
P69822,0.0,0.0,0.0
P69824,0.0,0.0,0.0
P69826,0.0,0.0,0.0
P69828,0.0,0.0,0.0
P69831,0.0,0.0,0.0
P69874,0.0,0.0,0.0
P69902,0.0,0.0,0.0
P69908,0.0,0.0,0.0
P69910,0.0,0.0,0.0
P69922,0.0,0.0,0.0
P69924,0.0,0.0,0.0
P71241,0.0,0.0,0.0
P75682,0.0,0.0,0.0
P75691,0.0,0.0,0.0
P75713,0.0,0.0,0.0
P75726,0.0,0.0,0.0
P75728,0.0,0.0,0.0
P75792,0.0,0.0,0.0
P75796,0.0,0.0,0.0
P75797,0.0,0.0,0.0
P75798,0.0,0.0,0.0
P75799,0.0,0.0,0.0
P75804,0.0,0.0,0.0
P75806,0.0,0.0,0.0
P75809,0.17879709857684292,0.17879709857711168,0.17879709857698362
P75820,0.0,0.0,0.0
P75823,0.0,0.0,0.0
P75838,0.0,0.0,0.0
P75851,0.0,0.0,0.0
P75853,0.0,0.0,0.0
P75893,0.0,0.0,0.0
P75894,0.0,0.0,0.0
P75895,0.0,0.0,0.0
P75897,0.0,0.0,0.0
P75898,0.0,0.0,0.0
P75905,0.0,0.0,0.0
P75908,0.0,0.0,0.0
P75913,0.0,0.0,0.0
P75948,0.0,0.0,0.0
P75949,0.0,0.0,0.0
P75954,0.0,0.0,0.0
P75959,0.0,0.0,0.0
P76008,0.0,0.0,0.0
P76014,5.256972203771701e-09,5.256880247873726e-09,5.256880247873722e-09
P76015,5.256972203771701e-09,5.256880247873726e-09,5.256880247873722e-09
P76038,0.0,0.0,0.0
P76052,0.0,0.0,0.0
P76077,0.0,0.0,0.0
P76078,0.0,0.0,0.0
P76079,0.0,0.0,0.0
P76080,0.0,0.0,0.0
P76081,0.0,0.0,0.0
P76082,0.0,0.0,0.0
P76083,0.0,0.0,0.0
P76084,0.0,0.0,0.0
P76085,0.0,0.0,0.0
P76108,0.0,0.0,0.0
P76112,0.0,0.0,0.0
P76113,0.0,0.0,0.0
P76129,0.0,0.0,0.0
P76142,0.0,0.0,0.0
P76143,0.027334782662225648,0.02733478266222951,0.02733478266222951
P76145,0.0,0.0,0.0
P76149,0.0,0.0,0.0
P76173,0.0,0.0,0.0
P76190,0.0,0.0,0.0
P76193,0.0,0.0,0.0
P76194,0.0,0.0,0.0
P76215,0.0,0.0,0.0
P76216,0.0,0.0,0.0
P76217,0.0,0.0,0.0
P76234,0.0,0.0,0.0
P76245,0.0,0.0,0.0
P76251,0.0,0.0,0.0
P76270,0.0,0.0,0.0
P76290,0.0,0.0,0.0
P76316,0.0,0.0,0.0
P76372,0.0,0.0,0.0
P76373,0.0,0.0,0.0
P76422,1.0013078996785563e-10,1.001307899678698e-10,1.001307899678698e-10
P76423,0.0,0.0,0.0
P76440,0.0,0.0,0.0
P76445,0.0,0.0,0.0
P76458,0.0,0.0,0.0
P76459,0.0,0.0,0.0
P76461,2.3038956838576118e-11,2.3038956838579372e-11,2.3038956838579372e-11
P76469,0.0,0.0,0.0
P76472,0.0,0.0,0.0
P76473,0.0,0.0,0.0
P76491,0.0,0.0,0.0
P76503,1.0,0.0,1.0
P76514,0.0,0.0,0.0
P76518,0.0,0.0,0.0
P76535,0.0,0.0,0.0
P76536,0.0,0.0,0.0
P76558,0.0,0.0,0.0
P76577,0.0,0.0,0.0
P76641,0.0,0.0,0.0
P76658,0.0,0.0,0.0
P77044,0.0,0.0,0.0
P77150,0.0,0.0,0.0
P77156,0.0,0.0,0.0
P77161,0.0,0.0,0.0
P77172,0.0,0.0,0.0
P77202,0.0,0.0,0.0
P77215,0.0,0.0,0.0
P77218,3.0300482414026464e-09,0.0,3.0308672468290563e-09
P77231,0.0,0.0,0.0
P77243,0.0,0.0,0.0
P77247,0.0,0.0,0.0
P77252,0.0,0.0,0.0
P77256,0.0,0.0,0.0
P77257,0.0,0.0,0.0
P77272,0.0,0.0,0.0
P77302,0.0,0.0,0.0
P77319,0.0,0.0,0.0
P77334,0.0,0.0,0.0
P77357,0.0,0.0,0.0
P77364,0.0,0.0,0.0
P77366,0.0,0.0,0.0
P77374,0.0,0.0,0.0
P77397,0.0,0.0,0.0
P77398,0.0,0.0,0.0
P77399,0.5934697691171448,0.5934697691172285,0.5934697691172285
P77425,0.0,0.0,0.0
P77432,1.0159902355814214,1.015990235581565,1.015990235581565
P77433,0.0,0.0,0.0
P77434,0.0,0.0,0.0
P77444,0.0,0.0,0.0
P77454,0.0,0.0,0.0
P77455,0.0,0.0,0.0
P77467,0.0,0.0,0.0
P77475,0.0,0.0,0.0
P77488,0.12128063998557084,0.1212806399855899,0.1212806399855899
P77495,0.0,0.0,0.0
P77499,0.0,0.0,0.0
P77522,0.0,0.0,0.0
P77526,0.0,0.0,0.0
P77536,0.0,0.0,0.0
P77541,0.0,0.0,0.0
P77555,0.0,0.0,0.0
P77567,0.0,0.0,0.0
P77570,0.0,0.0,0.0
P77580,2.0202555308612824e-08,2.020255530861602e-08,0.0
P77581,0.0,0.0,0.0
P77596,0.0,0.0,0.0
P77608,0.0,0.0,0.0
P77619,0.0,0.0,0.0
P77625,0.0,0.0,0.0
P77650,0.0,0.0,0.0
P77671,0.0,0.0,0.0
P77672,0.0,0.0,0.0
P77674,0.0,0.0,0.0
P77689,0.0,0.0,0.0
P77690,0.0,0.0,0.0
P77718,3.588023848938717e-09,3.5880238489392246e-09,3.5880238489392246e-09
P77731,0.0,0.0,0.0
P77756,0.0,0.0,0.0
P77757,0.0,0.0,0.0
P77781,0.0,0.0,0.0
P77783,0.0,0.0,0.0
P77788,0.0,0.0,0.0
P77790,0.0,0.0,0.0
P77791,0.0,0.0,0.0
P77795,0.0,0.0,0.0
P78055,0.0,1.0,1.0
P78061,0.0,0.0,0.0
P80644,0.0,0.0,0.0
P80645,0.0,0.0,0.0
P80668,0.0,0.0,0.0
Q46799,0.0,0.0,0.0
Q46800,0.0,0.0,0.0
Q46801,0.0,0.0,0.0
Q46806,0.0,0.0,0.0
Q46810,0.0,0.0,0.0
Q46822,0.0,0.0,0.0
Q46829,0.0,0.0,0.0
Q46845,0.0,0.0,0.0
Q46851,0.0,0.0,0.0
Q46856,0.0,0.0,0.0
Q46857,0.0,0.0,0.0
Q46871,0.0,0.0,0.0
Q46877,0.0,0.0,0.0
Q46890,0.0,0.0,0.0
Q46893,0.02101365425294713,0.021013654252950605,0.021013654252950605
Q46915,0.0,0.0,0.0
Q46920,0.0,0.0,0.0
Q46925,0.0,0.0,0.0
Q46938,0.0,0.0,0.0
Q47140,0.0,0.0,0.0
Q47146,9.893021673475148e-09,9.893021673476543e-09,9.893021673476543e-09
Q47537,0.0,0.0,0.0
Q47538,0.0,0.0,0.0
Q47539,0.0,0.0,0.0
Q47690,0.0,0.0,0.0
Q59385,0.0,0.0,0.0
Q6BEX0,0.0,0.0,0.0
Q6BF16,0.0,0.0,0.0
Q6BF17,0.0,0.0,0.0
Q93K97,0.0,0.0,0.0
