,50mmnacl,50mmnacl.1,50mmnacl.2
O32583,2.9322811765555108e-09,2.9322811765555108e-09,7.582268348023809e-10
P00350,0.07348171066674124,0.07348171066673975,0.3110913107084917
P00363,0.0,0.0,0.0
P00370,0.0015822443617214891,0.0015822443617214816,0.00040913543484982507
P00393,0.0,0.0,0.0
P00448,0.0,0.0,0.0
P00452,0.0,0.0,0.0
P00490,0.0,0.0,0.0
P00509,0.02499854003308514,0.0,0.0
P00547,1.90257561336999e-08,1.902575613369978e-08,4.91560730999335e-09
P00550,0.0,0.0,0.0
P00561,0.5793757998409377,0.6151085007725619,0.15893688919486776
P00562,1.0,0.0,0.0
P00634,0.0,0.0,0.0
P00722,0.0,0.0,0.0
P00805,0.0,0.0,0.0
P00816,0.0,0.0,0.0
P00861,0.8105052205094558,0.8105052205094558,0.20957976774232331
P00864,0.07422122141561965,0.07422122141561933,0.019187284119937763
P00887,0.25174093462949204,0.25174093462949193,0.06509496209996193
P00888,0.0,0.0,0.0
P00893,1.0,0.0,0.5611058234194315
P00894,0.19360720865798656,0.0,0.10863413223397721
P00895,0.014647344451053436,0.014647344451053436,0.0037874981806582603
P00903,1.5755500945935472e-10,1.5755500945930869e-10,4.07404436807589e-11
P00904,0.5703850104094204,0.5703850104094204,0.14748968295376244
P00909,0.38869553878553326,0.38869553878553326,0.10050857006194801
P00926,0.0,0.0,0.0
P00934,0.9144291182476616,0.9144291182476559,0.23625733592617273
P00935,0.04743525485009069,0.04743525485009069,0.01226576885961457
P00936,0.0,0.0,0.0
P00944,0.0,0.0,0.0
P00946,0.0,0.0,0.0
P00963,1.0,1.0,0.6770596424611665
P00968,0.0,0.0,0.0
P02916,0.0,0.0,0.0
P02918,1.0,1.0,0.0
P02919,0.6029905363001071,0.6029905363001071,0.6844675043366797
P02924,0.0,0.0,0.0
P02925,0.0,0.0,0.0
P03959,0.0,0.0,0.0
P03960,0.0,0.0,0.0
P03961,0.0,0.0,0.0
P04036,0.17681693102718782,0.17681693102718782,0.04572117538526835
P04079,0.9732642984367514,0.9732642984367519,0.2516658751316333
P04391,0.0,0.0,0.0
P04425,0.0,0.0,0.0
P04693,0.011936556625736136,0.138736070833092,0.03586126067810773
P04805,0.02143415819792485,0.02143415819792485,0.005542426850810021
P04825,0.0,0.0,0.0
P04951,0.08464570923151768,0.08464570923151768,0.021887617293784894
P04968,4.6784141063981295e-05,4.6784141063981295e-05,1.2097404396791171e-05
P04982,0.0,0.0,0.0
P04983,0.0,0.0,0.0
P05020,0.6640226901024695,0.6640226901024692,0.17170243651217118
P05041,0.6183529860237246,0.6183529860235439,0.15989320230676354
P05042,0.0,0.0,0.0
P05194,0.03952509741269515,0.03952509741269513,0.010220366909590693
P05459,0.006327865057172745,0.006327865057172745,0.0016362540985898008
P05637,0.0,0.0,0.0
P05706,0.0,0.0,0.0
P05707,0.0,0.0,0.0
P05791,0.13149728169199618,0.13149728169199573,0.034002458045159584
P05793,0.027601024879700134,0.02760102487969995,0.007137050123010558
P05804,0.0,0.0,0.0
P05847,0.0,0.0,0.0
P06149,0.0,0.0,0.0
P06282,0.0,0.0,0.0
P06609,0.0,0.0,0.0
P06610,0.0,0.0,0.0
P06611,0.0,0.0,0.0
P06715,0.01805227860309113,0.01805227860309085,0.004667943229875249
P06720,0.0,0.0,0.0
P06721,0.0,0.0,0.0
P06959,0.625980756752147,0.625980756752147,0.625980756752147
P06960,0.03716022257904887,0.03716022257904887,0.00960885953637018
P06968,0.0,0.0,0.0
P06972,0.0,0.0,0.0
P06983,0.5139049665533344,0.5139049665533344,0.1328851200541005
P06986,0.0006399653555280026,0.0006399653555280026,0.00016548171088939624
P06987,0.0030881694920647266,0.0030881694920647266,0.0007985363061437593
P06988,0.8100745699094566,0.8100745699094566,0.20946841046732734
P06989,0.39486015944247355,0.39486015944247355,0.10210261255890936
P06999,0.5920917831555289,0.5920917831555234,0.0
P07000,0.0,0.0,0.0
P07001,0.0,0.0,0.0
P07003,0.0,0.0,0.0
P07004,0.07343386250587802,0.07343386250587802,0.018988467265799763
P07014,1.7494593430566942e-08,1.749459343056676e-08,0.0
P07023,8.50619276955441e-05,8.50619276955441e-05,2.1995242719030023e-05
P07024,0.0,0.0,0.0
P07102,0.0,0.0,0.0
P07109,0.0,0.0,0.0
P07623,0.07845233949414222,0.07845233949414222,0.02028614088344716
P07639,0.001069737294625962,0.0010697372946259615,0.00027661178247820393
P07650,0.0,0.0,0.0
P07654,0.0,0.0,0.0
P07762,0.0,0.0,0.0
P07821,0.0,0.0,0.0
P07822,0.0,0.0,0.0
P07862,0.0,0.0,0.023534479644631387
P07913,0.0,0.0,0.0
P08142,0.35354415297201786,0.5845475183240026,0.02153447897642511
P08178,1.7659001325855077e-08,1.7659001325854696e-08,4.5662499176843005e-09
P08179,0.0,0.0,0.0
P08192,0.005374016256338231,0.005374016256336661,0.0013896086667260902
P08200,0.14171377516395936,0.14171377516395797,0.0020110816959343636
P08201,0.0,0.0,0.0
P08202,0.0,0.0,0.0
P08203,0.0,0.0,0.0
P08204,0.0,0.0,0.0
P08244,0.125522887865579,0.1255228878655789,0.032457604244273706
P08331,0.0,0.0,0.0
P08337,0.0,0.0,0.0
P08373,0.8325670294977932,0.8325670294977932,0.215284492013988
P08506,0.0,0.0,0.0
P08660,0.0,0.0,0.0
P08722,0.0,0.0,0.0
P08839,0.6425799329765677,0.642579932976569,0.26554373793155045
P08997,0.0,0.0,0.0
P09029,1.1975984481704372e-08,1.1975984481704117e-08,3.096740135225235e-09
P09053,4.832158916187899e-09,4.8321589161879e-09,1.2494956450892367e-09
P09099,0.0,0.0,0.0
P09126,0.001923196700522124,0.001923196700522124,0.0004972986078545892
P09147,0.0,0.0,0.0
P09148,0.0,0.0,0.0
P09151,0.148875895973778,0.148875895973778,0.038496205713520956
P09152,0.0,0.0,0.0
P09158,0.0,0.0,0.0
P09323,0.0,0.0,0.0
P09373,0.0,0.0,0.0
P09394,0.0,0.0,0.0
P09424,0.0,0.0,0.0
P09546,0.0,0.0,0.0
P09551,0.0,0.0,0.0
P09831,0.0,0.0,0.0
P09832,0.0,0.0,0.0
P09833,0.00036758685114499665,0.00036758685114499665,9.505030311794466e-05
P0A6A3,0.006605512714969623,0.006605512714970285,0.02520560002969464
P0A6A6,0.00020514209361890216,0.00020514209361890216,5.304547243730167e-05
P0A6A8,0.13751339028006304,0.1375133902800631,0.037177924351743746
P0A6B4,0.0,0.7937336348827709,0.2052429850401691
P0A6B7,0.15368223917857737,0.15368223917857737,0.03973902595336902
P0A6C5,5.983787495483808e-08,5.983787495483808e-08,1.5472828080424237e-08
P0A6C8,0.06394428395257977,0.06394428395257977,0.01653465991348848
P0A6D3,0.056738263342542825,0.0567382633425428,0.014671333080320568
P0A6D5,0.0,0.0,0.0
P0A6D7,0.17904985076761032,0.17904985076761024,0.04629856191991747
P0A6E1,0.0,0.0,0.0
P0A6E4,6.792239402385044e-08,6.792239402385044e-08,1.7563316316548102e-08
P0A6E6,4.876171093671783e-07,4.876171093671756e-07,1.302136640523701e-07
P0A6F1,0.0,0.0,0.0
P0A6F3,0.0,0.0,0.0
P0A6G3,0.0,0.0,0.0
P0A6G5,0.0,0.0,0.0
P0A6H8,0.0,0.0,0.0
P0A6I0,0.03834659566774103,0.03834659566774021,0.009915630905748743
P0A6I3,0.12991183013505267,0.12991183013430865,0.03359249329678293
P0A6I6,0.036033818434845724,0.03603381843463936,0.009317594887022084
P0A6I9,2.2110530401716177e-09,2.2110530401589548e-09,5.717322614390285e-10
P0A6J1,0.054245406891982643,0.0542454068919818,0.014026732326737975
P0A6J5,0.0,0.0,0.0
P0A6J8,0.17040636344248833,0.17040636344248833,0.0
P0A6K1,4.5727896838684205e-10,4.5727896838684205e-10,1.182428164098981e-10
P0A6K6,0.08670817524987082,0.08670817524986936,0.009466766790959162
P0A6L0,0.0,0.0,0.0
P0A6L2,0.017241206148100072,0.017241206148100072,0.004458216787110964
P0A6L4,0.0,0.0,0.0
P0A6L7,0.0,0.0,0.0
P0A6P9,0.0605182360937201,0.06051823609372015,0.023443524700133573
P0A6Q3,0.0,0.0,0.0
P0A6Q6,1.107219947659605e-08,1.107219947659605e-08,2.8630401581412163e-09
P0A6R0,5.671446800171981e-06,5.671446800171981e-06,1.466518010082477e-06
P0A6S7,0.17258678526599827,0.17258678526599827,0.044627347802530484
P0A6T1,0.046245533723825206,0.04624553372382525,0.012337554044417836
P0A6T3,0.0,0.0,0.0
P0A6T5,0.548145479413474,0.5481454794133139,0.14173900347274102
P0A6T9,0.0,0.0,0.0
P0A6U8,0.0,0.0,0.0
P0A6V1,0.0,0.0,0.0
P0A6V5,0.0,0.0,0.0
P0A6V8,0.0,0.0,0.0
P0A6W0,0.0,0.0,0.0
P0A6W3,8.226510215755808e-10,8.226510215755808e-10,2.1272041890911398e-10
P0A6W9,0.0,0.0,0.0
P0A6X1,3.753441514334301e-09,3.753441514334301e-09,9.70561793931591e-10
P0A715,0.003363158560721225,0.003363158560721225,0.000869642751460029
P0A717,1.0,1.0,1.0
P0A720,0.16612833451354891,0.16612833451354891,0.042957326963154796
P0A722,0.11873792638033996,0.11873792638033996,0.030703154530398742
P0A725,1.8606040161608996e-09,1.8606040161608996e-09,4.811134434425102e-10
P0A731,0.0,0.0,0.0
P0A738,0.0,0.0,0.0
P0A744,0.0,0.0,0.0
P0A746,0.0,0.0,0.0
P0A749,0.3183008909258687,0.3183008909258687,0.08230598039885159
P0A752,0.224343428792378,0.22434342879207006,0.05801053776225702
P0A754,0.0,0.0,0.0
P0A759,0.0,0.0,0.0
P0A761,0.0,0.0,0.0
P0A763,0.0,0.0,0.0
P0A786,0.002726078834863813,0.0027260788348638116,0.0007049072042977114
P0A790,0.0690232433639273,0.06902324336353201,0.01784797302612494
P0A794,0.0024490366329035784,0.0024490366329035784,0.0006332698614744893
P0A796,1.0,1.0,0.7371566991489741
P0A799,0.008426223729176254,0.008426223729176261,0.003264246899748599
P0A7A7,1.0,1.0,0.8265305304554018
P0A7A9,0.0,0.0,0.0
P0A7B1,0.0,0.0,0.0
P0A7B3,0.014454511426697889,0.014454511426697889,0.0037376355771508584
P0A7B5,0.7910504754624792,0.7910504754624792,0.20454917590249702
P0A7D4,0.4359399705104346,0.43593997051042055,0.11272499603610267
P0A7D7,0.014938297399584008,0.014938297399583689,0.0038627325527929397
P0A7E1,0.10656980053294213,0.10656980053294207,0.027548566793681856
P0A7E3,1.6311577232376473e-08,1.6311577232376466e-08,4.217834113053124e-09
P0A7E5,0.5253895132247719,0.5253895132247713,0.13585478460791134
P0A7E9,0.03882910598223536,0.038829105982235344,0.010040398022709587
P0A7F3,0.0,0.0,0.0
P0A7F6,0.0,0.0,0.0
P0A7I7,0.21197594217459093,0.2119759421747767,0.054812563329338794
P0A7J0,0.5505270178798811,0.5505270178803636,0.14235481971439548
P0A7Z0,0.00018626542755689128,0.0001862654275568887,0.00020465441851868962
P0A817,0.0013982922628545543,0.0013982922628545543,0.00036156925368197094
P0A825,0.1387958595970946,0.1387958595970937,0.03575247912320013
P0A836,0.49688610597811445,0.4968861059781091,0.016846435868801857
P0A840,1.0002525483093518,1.000252548309342,0.2586444744015029
P0A853,0.07246414682814598,0.07246414682814598,0.018737718990066963
P0A858,0.04616540127136498,0.04616540127136502,0.016746295396555432
P0A867,0.0,0.0,0.0
P0A870,0.0,0.0,0.13628146975520303
P0A877,0.0006139524836061493,0.0006139524836061493,0.00015875532404112153
P0A879,0.0005979870429760686,0.0005979870429760686,0.00015462699364362825
P0A884,0.05826125773820322,0.05826125773820322,0.01506514770808415
P0A887,0.0,0.0,0.0
P0A8F0,0.0,0.0,0.0
P0A8F4,0.0,0.0,0.0
P0A8G3,0.0,0.0,0.0
P0A8G6,0.0,0.0,0.0
P0A8K1,0.00876971482700036,0.00876971482700036,0.0022676655869703945
P0A8N5,0.0,0.0,0.0
P0A8Q0,0.0,0.0,0.0
P0A8Q3,0.0,0.0,0.0
P0A8Y1,0.0,0.0,0.0
P0A8Y3,0.0,0.0,0.0
P0A8Y5,0.0,0.0,0.0
P0A8Y8,0.0,0.0,0.0
P0A921,0.0,0.0,0.0
P0A924,0.0,0.0,0.0
P0A935,0.0,0.0,0.0
P0A951,0.0,0.0,0.0
P0A953,1.535029472062395e-07,1.5350294720623938e-07,3.9692664783854324e-08
P0A955,0.0,0.0,0.0
P0A959,0.0,0.0,0.0
P0A962,0.0,0.0,0.0
P0A991,0.0,0.0,0.8307463634552908
P0A993,0.0,0.0,0.0
P0A996,0.0,0.0,0.0
P0A9B2,0.5142919373458186,0.514291937345819,0.19923229147523547
P0A9B6,0.0006360422490727152,0.0006360422490727152,0.00016446727727574144
P0A9C0,0.0,0.0,0.0
P0A9C3,0.0,0.0,0.0
P0A9C5,8.853247810235742e-08,8.853247810235639e-08,2.1304799291968902e-08
P0A9C9,0.0,0.0,0.0
P0A9D4,0.11865136269762526,0.1186513626976234,0.030680770965113194
P0A9D8,0.027861401917193242,0.027861401917193242,0.007204378201426721
P0A9G6,0.0,0.0,0.0
P0A9H3,0.0,0.0,0.0
P0A9H5,0.0,0.0,0.0
P0A9H7,0.0,0.0,0.0
P0A9I1,0.0,0.0,0.0
P0A9I8,0.0,0.0,0.0
P0A9J4,0.0,0.0,0.0
P0A9J6,0.0,0.0,0.0
P0A9J8,0.00011660338212234622,0.00011660338212234622,3.01512058464102e-05
P0A9L8,0.0022415691728445,0.0022415691728445,0.000579623097711585
P0A9M2,0.0,0.0,0.0
P0A9M5,0.0,0.0,0.0
P0A9M8,0.49198786705403236,0.49198786705408176,0.0
P0A9N4,0.0,0.0,0.0
P0A9N8,0.0,0.0,0.0
P0A9P0,0.6499496805593832,0.6499496805593823,0.5633723703385801
P0A9P4,0.0,0.0,0.0
P0A9P9,0.0,0.0,0.0
P0A9Q5,0.06791691984764545,0.06791691984764546,0.01756190080860492
P0A9Q7,0.0,0.0,0.0
P0A9Q9,0.036146613040026296,0.036146613040026115,0.009340534637754293
P0A9S1,0.0,0.0,0.0
P0A9S3,0.0,0.0,0.0
P0A9S5,0.0,0.0,0.0
P0A9T0,0.00011288293590677564,0.00011288293590677564,0.00011288293590677564
P0A9U8,2.246177151591867e-10,2.2461771515918672e-10,5.808146250345401e-11
P0A9V1,0.001832477463118474,0.001832477463118474,0.0004738405026830188
P0A9V8,0.0,0.0,0.0
P0A9X1,0.0,0.0,0.0
P0AA04,0.13006426517856245,0.13006426517856273,0.05374856788143012
P0AA25,0.0,0.0,0.0
P0AA84,0.0,0.0,0.0
P0AA89,0.0,0.0,0.0
P0AAB4,5.5847076118302046e-05,5.5847076118302046e-05,1.4440890626965483e-05
P0AAF3,0.0,0.0,0.0
P0AAF6,0.0,0.0,0.0
P0AAG3,0.0,0.0,0.0
P0AAG8,0.0,0.0,0.0
P0AAH0,0.0,0.0,0.0
P0AAI1,0.0,0.0,0.0
P0AAI5,0.0,0.0,0.0
P0AAI9,0.0006323274116606031,0.0006323274116606033,0.00016350669769854686
P0AAJ1,0.0,0.0,0.0
P0AAJ3,1.7543304995624284e-07,1.7618138497934404e-07,0.0
P0AAJ5,1.0,0.0,0.0
P0AAJ8,0.0,0.0,0.0
P0AAK1,0.0,0.0,0.0
P0AAK7,0.0,0.0,0.0
P0AAL3,0.0,0.0,0.0
P0AAM1,0.0,0.0,0.0
P0AAN3,0.0,0.0,0.0
P0AAX8,0.0,0.0,0.0
P0AB65,0.0,0.0,0.0
P0AB67,0.0,0.0,0.0
P0AB71,0.601700405162749,0.6017004051627454,1.0
P0AB74,0.0,0.0,0.0
P0AB77,1.0,1.0,1.0
P0AB80,0.047871809443540865,0.047871809443540865,0.012378652784340709
P0AB87,0.0,0.0,0.0
P0AB89,0.23626550972712898,0.23626550972712287,0.06109333956295501
P0AB91,0.0,0.0,0.0
P0AB96,0.0,0.0,0.0
P0AB98,4.876171093671783e-07,4.876171093671756e-07,1.302136640523701e-07
P0ABA0,4.876171093671783e-07,4.876171093671756e-07,1.302136640523701e-07
P0ABA4,4.876171093671783e-07,4.876171093671756e-07,1.302136640523701e-07
P0ABA6,4.876171093671783e-07,4.876171093671756e-07,1.302136640523701e-07
P0ABB0,4.876171093671783e-07,4.876171093671756e-07,1.302136640523701e-07
P0ABB4,4.876171093671783e-07,4.876171093671756e-07,1.302136640523701e-07
P0ABB8,0.0,0.0,0.0
P0ABC0,0.0,0.0,0.0
P0ABD3,0.0,0.0,0.0
P0ABD5,0.023027513027987084,0.023027513027987088,0.005954435221349143
P0ABD8,0.02106224861735592,0.021062248617355922,0.005446258779902609
P0ABE9,1.8849729889109123e-14,1.8849729889108782e-14,4.87414752206257e-15
P0ABF6,0.0,0.0,0.0
P0ABF8,0.0,0.0,0.0
P0ABG1,2.459360001515757e-09,2.459360001515757e-09,6.359392695687379e-10
P0ABG4,3.131980628711314e-11,3.131980628711314e-11,8.098649535239053e-12
P0ABH7,0.5837180383074317,0.583718038307426,0.008283631291796515
P0ABI8,0.08889100748858708,0.08889100748858708,0.08889100748858708
P0ABJ1,0.035216430111251903,0.035216430111251903,0.035216430111251903
P0ABJ3,1.0,1.0,1.0
P0ABJ6,0.24050408184460345,0.24050408184460345,0.24050408184460345
P0ABJ9,0.11375761901684688,0.11375761901684688,0.11375761901684688
P0ABK2,1.0,1.0,1.0
P0ABK5,0.0,0.003340472123935565,0.0
P0ABK9,0.0,0.0,0.0
P0ABL1,0.0,0.0,0.0
P0ABL3,0.0,0.0,0.0
P0ABL5,0.0,0.0,0.0
P0ABL8,0.0,0.0,0.0
P0ABM1,0.0,0.0,0.0
P0ABM5,0.0,0.0,0.0
P0ABN1,0.0,0.0,0.0
P0ABP8,5.3172249000526346e-05,5.3172249000526346e-05,1.3749236049167785e-05
P0ABQ0,0.14966015193330012,0.149660151932443,0.03869899796953439
P0ABQ2,0.0,0.0,0.0
P0ABQ4,0.13554452797547423,0.13554452797547323,0.03504899163263467
P0ABR5,0.0,0.0,0.0
P0ABR9,0.0,0.0,0.0
P0ABU0,0.0,0.0,0.0
P0ABW0,0.0,0.0,0.0
P0ABY4,0.002998765457162405,0.008901839199926894,0.022415416157253003
P0ABZ4,0.13642806466644306,0.13642806466644306,0.035277455817441246
P0AC00,0.0,0.0,0.0
P0AC13,0.7041337500670939,0.7041337500668882,0.18207432113245797
P0AC16,1.186099375343332e-09,1.1860993753429853e-09,3.067005928073919e-10
P0AC19,0.0,0.0,0.0
P0AC28,0.0,0.0,0.0
P0AC33,0.5975006425146495,0.5975006425146431,0.00823733104084646
P0AC35,0.0,0.0,0.0
P0AC38,0.0,0.0,0.0
P0AC41,1.7494593430566942e-08,1.749459343056676e-08,0.0
P0AC44,1.7494593430566942e-08,1.749459343056676e-08,0.0
P0AC47,0.0,0.0,0.0
P0AC53,0.0037223225607824983,0.0037223225607824232,0.015758781250553196
P0AC59,1.0,0.7913992001142367,0.029172650699856043
P0AC62,1.0,1.0,0.0
P0AC69,0.6536880357488696,1.0,1.0
P0AC75,4.201748944841407e-10,4.201748944841407e-10,1.0864847575169202e-10
P0AC78,0.0,0.0,0.0
P0AC81,0.0,0.0,0.0
P0AC84,0.0,0.0,0.0
P0AC86,0.0,0.0,0.0
P0AC88,0.0,0.0,0.0
P0ACB2,0.03758741340200384,0.03758741340200384,0.009719322185087335
P0ACB4,0.1752832245222565,0.1752832245222565,0.045324590829173374
P0ACC7,0.024338307848392093,0.024338307848392093,0.006293379458926841
P0ACD4,0.09691232431890023,0.09691232431890023,0.02505950844999744
P0ACD8,0.0,0.0,0.0
P0ACE0,0.0,0.0,0.0
P0ACE7,0.0,0.0,0.0
P0ACV0,0.0,0.0,0.0
P0ACV2,0.0,0.0,0.0
P0AD57,0.08462406782439517,0.08462406782439517,0.02188202127667905
P0AD61,0.0,0.0,0.0
P0AD65,8.119803620739865e-10,8.119803620739865e-10,2.0996120862469917e-10
P0AD68,8.119803620739865e-10,8.119803620739865e-10,2.0996120862469917e-10
P0AD70,0.0,0.0,0.0
P0ADA1,0.0,0.0,0.0
P0ADC1,0.0033505733035386173,0.0033505733035386173,0.0008663884660950927
P0ADC6,0.03307126597991078,0.03307126597991078,0.008551540530063047
P0ADF6,0.0,0.0,0.0
P0ADF8,0.1830692875700575,0.30268552550178957,0.01115080447877906
P0ADG4,0.0,0.0,0.0
P0ADG7,0.15957313942919918,0.15957313942919926,0.04126229005466939
P0ADI4,0.0,0.0,0.0
P0ADP0,0.0,0.0,0.0
P0ADU2,0.09784210298021272,0.0978421029802122,0.018489876554105843
P0ADV1,0.0012814706013430245,0.0012814706013430245,0.00033136160533213133
P0ADV9,0.036110901191984526,0.036110901191984526,0.009337526882337716
P0AE08,0.0,0.0,0.0
P0AE12,0.0,0.0,0.0
P0AE22,0.0,0.0,0.0
P0AE26,0.0,0.0,0.0
P0AE30,0.0,0.0,0.0
P0AE34,0.0,0.0,0.0
P0AE37,0.0,0.0,0.0
P0AE52,0.0,0.0,0.0
P0AE76,0.0,0.0,0.0
P0AEA5,0.0,0.0,0.0
P0AEA8,0.0129091474730329,0.0129091474730329,0.0033380366476221503
P0AEB0,0.0,0.0,0.0
P0AEB2,0.0,0.0,0.0
P0AED7,0.8695646567069845,0.8695646567069845,0.2248513077744658
P0AEE5,0.0,0.0,0.0
P0AEG6,0.0,0.0,0.0
P0AEI6,0.0,0.0,0.0
P0AEJ2,0.0,0.0,0.0
P0AEJ6,0.0,0.0,0.0
P0AEK2,1.0,1.0,0.258579170669115
P0AEK4,2.8773799891117206e-06,2.8773799891117206e-06,7.44030531284416e-07
P0AEK7,1.7543304995624284e-07,1.7618138497934404e-07,0.0
P0AEL0,6.8844026813379795,1.0,0.0
P0AEL6,0.0,0.0,0.0
P0AEM9,0.0,0.0,0.0
P0AEN1,0.0,0.0,1.0
P0AEP3,0.0,0.0,0.0
P0AEP7,0.0,0.0,0.0
P0AEP9,0.2602504881381467,0.2602504881380707,0.0
P0AEQ3,0.0,0.0,0.0
P0AEQ6,0.0,0.0,0.0
P0AER3,0.0,0.0,0.0
P0AER5,0.0,0.0,0.0
P0AES0,0.0,0.0,0.0
P0AES2,0.0,0.0,0.0
P0AET8,0.0,0.0,0.0
P0AEU0,0.0,0.0,0.0
P0AEU3,0.0,0.0,0.0
P0AEW4,0.0,0.0,0.0
P0AEW6,0.0,0.0,0.0
P0AEW9,0.0,0.0,0.0
P0AEX9,0.0,0.0,0.0
P0AEY3,0.0,0.0,0.0
P0AEZ1,0.026497809071616498,0.026497809071616498,0.006851781494287148
P0AEZ7,0.0,0.0,0.0
P0AF01,3.875595640916039e-15,3.875595640916039e-15,1.0021483066769067e-15
P0AF03,0.0,0.0,0.0
P0AF12,0.0013666266941253745,0.0013666266941253745,0.0003533811971812138
P0AF16,3.131980628711314e-11,3.131980628711314e-11,8.098649535239053e-12
P0AF18,0.0,0.0,0.0
P0AF24,0.0,0.0,0.0
P0AF26,0.0,0.0,0.0
P0AF32,0.0,0.0,0.0
P0AF98,0.02559735118542445,0.02559735118542445,0.006618941840853143
P0AFA9,0.0,0.0,0.0
P0AFC0,9.100104335641738e-12,9.100104335639078e-12,2.3530974321123342e-12
P0AFC3,8.435966866652817e-09,8.435966866652766e-09,2.3111239313149853e-09
P0AFC7,8.435966866652817e-09,8.435966866652766e-09,2.3111239313149853e-09
P0AFD1,8.435966866652817e-09,8.435966866652766e-09,2.3111239313149853e-09
P0AFD4,8.435966866652817e-09,8.435966866652766e-09,2.3111239313149853e-09
P0AFD6,8.435966866652817e-09,8.435966866652766e-09,2.3111239313149853e-09
P0AFE0,8.435966866652817e-09,8.435966866652766e-09,2.3111239313149853e-09
P0AFE4,8.435966866652817e-09,8.435966866652766e-09,2.3111239313149853e-09
P0AFE8,8.435966866652817e-09,8.435966866652766e-09,2.3111239313149853e-09
P0AFF0,8.435966866652817e-09,8.435966866652766e-09,2.3111239313149853e-09
P0AFG3,0.5984784103215985,0.5984784103215922,0.0
P0AFG6,0.19467710034632205,0.19467710034632,0.0
P0AFG8,1.0,1.0,1.0
P0AFI0,0.0,0.0,0.0
P0AFI5,0.0,0.0,0.0
P0AFI7,0.0,0.0,0.0
P0AFK4,0.0,0.0,0.0
P0AFK6,0.0,0.0,0.0
P0AFK9,0.0,0.0,0.0
P0AFL1,0.0,0.0,0.0
P0AFL6,0.0,0.0,0.0
P0AFM2,0.0,0.0,0.0
P0AFP4,0.0,0.0,0.0
P0AFQ5,0.0,0.0,0.0
P0AFR9,0.0,0.0,0.0
P0AFS1,0.0,0.0,0.0
P0AFS3,0.0,0.0,0.0
P0AFS9,0.0,0.0,0.0
P0AFT2,0.0,0.0,0.0
P0AFU8,0.08144667900025068,0.08144667900032207,0.021060414709649512
P0AFV4,0.0,0.0,0.0
P0AG00,0.0,0.0,0.0
P0AG07,4.6287720159482495e-11,4.628772015948247e-11,2.665523312920078e-10
P0AG16,0.5016778407266655,0.5016778407266548,0.1297234399981705
P0AG18,0.21320384281182006,0.21320384281181548,0.0551300728577475
P0AG20,0.0,0.0,0.0
P0AG24,0.0,0.0,0.0
P0AG40,0.01582049691019416,0.015820496910221887,0.0040908509706155975
P0AG78,0.0,0.0,0.0
P0AG80,0.0,0.0,0.0
P0AG82,0.0,0.0,0.0
P0AG84,0.0,0.0,0.0
P0AGB0,1.0,1.0,1.0
P0AGC3,0.0,0.0,0.0
P0AGC5,0.0,0.0,0.0
P0AGD1,0.0,0.0,0.0
P0AGD3,0.013462966608472491,0.013462966608472418,0.002544186838390503
P0AGE6,0.0,0.0,0.0
P0AGE9,0.3554907329617839,0.3554907329617801,0.01205256448659451
P0AGF6,0.0,0.0,0.0
P0AGG0,0.8092188475674439,0.8092188475674439,0.20924713849380666
P0AGG2,0.3585704083625024,0.3585704083625025,0.09271883882086181
P0AGG4,0.0,0.0,0.0
P0AGH8,0.0,0.0,0.0
P0AGI1,0.0,0.0,0.0
P0AGI4,0.0,0.0,0.0
P0AGK1,1.7593940410048166e-08,1.7593940410048166e-08,4.549426520032085e-09
P0C066,0.0,0.0,0.0
P0C0T5,0.0,0.0,0.0
P0C7L2,0.0,0.0,0.0
P0C8J6,0.0,0.0,0.0
P0C8J8,0.0,0.0,0.0
P0C8K0,0.0,0.0,0.0
P0C960,0.0,0.0,0.0
P0CI31,0.0,0.0,0.0
P0DP69,0.0,0.0,0.0
P10346,0.0,0.0,0.0
P10371,0.13095290740460963,0.13095290740460963,0.033861694193393375
P10378,0.0,0.0,0.0
P10441,0.02080057705590367,0.02080057705590367,0.005378595964554594
P10902,0.3533571902496176,0.35335719024913254,0.09137080920480657
P10905,0.0,0.0,0.0
P10906,0.0,0.0,0.0
P10907,0.0,0.0,0.0
P10908,0.0,0.0,0.0
P11349,0.0,0.0,0.0
P11350,0.0,0.0,0.0
P11446,3.1597086374888864e-08,3.1597086374888864e-08,8.170348390379157e-09
P11447,0.0016399960076335558,0.0016399960076335558,0.00042406880755454444
P11454,0.0,0.0,0.0
P11458,0.28742733032069845,0.2874273303203039,0.07432272070203862
P11553,0.0,0.0,0.0
P11868,0.0,0.0,0.0
P11880,0.037057812712975834,0.037057812712975834,0.009582378478132682
P11988,0.0,0.0,0.0
P12008,0.27563706582554887,0.27563706582554875,0.07127400388683867
P12281,0.0,0.0,0.0
P12282,0.0,0.0,0.0
P12758,0.0,0.0,0.0
P12995,0.00025590679143570807,0.00025590679143570807,6.617216589803958e-05
P12996,4.607761385566443e-05,4.607761385566443e-05,1.1914711177209435e-05
P12998,0.007584325074886902,0.007584325074886902,0.001961148487949229
P12999,1.8242387588987467e-15,1.8242387588987467e-15,4.717101453784938e-16
P13000,0.05672270990309555,0.05672270990309555,0.014667311284847247
P13001,5.5942292632447395e-05,5.5942292632447395e-05,1.4465511634227192e-05
P13009,1.0,1.0,0.4820472725991184
P13016,0.0,0.0,0.0
P13029,0.05256499415325146,0.0,0.0
P13033,0.0,0.0,0.0
P13035,0.0,0.0,0.0
P13482,0.0,0.0,0.0
P14081,0.0,0.0,0.0
P14175,0.0,0.0,0.0
P14176,0.0,0.0,0.0
P14407,0.0,0.0,0.0
P14900,2.6349899269247775e-09,2.6349899269247775e-09,6.81353510025681e-10
P15028,0.0,0.0,0.0
P15029,0.0,0.0,0.0
P15030,0.0,0.0,0.0
P15031,0.0,0.0,0.0
P15042,0.0,0.0,0.0
P15047,0.0,0.0,0.0
P15067,0.0,0.0,0.0
P15254,1.4138806099890539e-06,1.4138806099890236e-06,3.656000755561034e-07
P15288,0.0,0.0,0.0
P15639,1.99088031672639e-08,1.990880316726355e-08,5.1480018120056495e-09
P15640,0.40926223000922024,0.4092622300092115,0.10582668802197429
P15723,0.0,0.0,0.0
P15770,0.1383224022160452,0.13832240221604514,0.03576729204998472
P15877,0.0,0.0,0.0
P15977,0.0,0.0,0.0
P16095,0.0,0.0,0.0
P16429,0.0,0.0,0.0
P16430,0.0,0.0,0.0
P16431,0.0,0.0,0.0
P16432,0.0,0.0,0.0
P16433,0.0,0.0,0.0
P16456,0.0,0.0,0.0
P16676,0.0,0.0,0.0
P16677,0.0,0.0,0.0
P16679,0.0,0.0,0.0
P16682,0.0,0.0,0.0
P16685,0.0,0.0,0.0
P16686,0.0,0.0,0.0
P16687,0.0,0.0,0.0
P16688,0.0,0.0,0.0
P16689,0.0,0.0,0.0
P16690,3.7672907937734e-08,3.7672907937733364e-08,4.1082339012868966e-09
P16691,0.0,0.0,0.0
P16692,0.0,0.0,0.0
P16700,0.0,0.0,0.0
P16701,0.0,0.0,0.0
P16703,0.24859948412665145,0.0,0.06428264843424121
P17109,0.0,0.0,0.0
P17115,0.0,0.0,0.0
P17169,0.06656649926400152,0.0665664992640015,0.017212710174031767
P17334,0.0,0.0,0.0
P17411,0.0,0.0,0.0
P17443,0.5649431897209524,0.5649431897209524,0.1460825414732084
P17444,0.0,0.0,0.0
P17445,0.0,0.0,0.0
P17846,0.19153117287162635,0.1915311728716256,0.049143200823512694
P17854,1.1656950403310991e-07,1.165695040331081e-07,3.0142445678192486e-08
P17952,4.3847570951965775e-09,4.3847570951965775e-09,1.133806853261449e-09
P17993,0.0,0.0,0.0
P18133,0.0,0.0,0.0
P18200,0.0,0.0,0.0
P18335,0.0,0.0,0.0
P18775,0.0,0.0,0.0
P18776,0.0,0.0,0.0
P18777,0.0,0.0,0.0
P18843,0.0037197826817316005,0.0037197826817264943,0.0009618583209124598
P18956,0.0,0.0,0.0
P19317,0.0,0.0,0.0
P19318,0.0,0.0,0.0
P19319,0.0,0.0,0.0
P19624,0.01811785869293064,0.01811785869293064,0.004684900875118222
P19636,0.0,0.0,0.0
P19642,4.386922540767269e-09,1.2995e-08,5.199794852440098e-09
P19925,0.0,0.0,0.0
P19926,0.0,0.0,0.0
P20099,0.0,0.0,0.0
P20966,0.0,0.0,0.0
P21151,2.2311835445259587e-07,2.2296259668585933e-07,5.769375905540991e-08
P21156,0.5421915463151471,0.5421915463151387,0.14019944038997983
P21169,0.0,0.0,0.0
P21170,0.0,0.0,0.0
P21177,0.32493439621402254,0.32493439621402254,0.08402126669489157
P21179,0.0,0.05399502688682395,0.010203746513341947
P21369,0.0,0.0,0.0
P21437,0.0,0.0,0.0
P21514,0.0,0.0,0.0
P21515,0.0,0.0,0.0
P21517,0.0,0.0,0.0
P21599,0.0,0.0,0.0
P21645,0.6943683159441975,0.6943683159441975,0.1795491832757606
P21829,0.0,0.0,0.0
P22106,1.0,1.0,0.0
P22188,3.3729386424566374e-09,3.3729386424566374e-09,8.721716768842481e-10
P22255,0.5241531421612153,0.5241531421612071,0.13553508480366172
P22256,0.0,0.0,0.0
P22259,0.0,0.0,0.0
P22333,0.0,0.0,0.0
P22525,0.0,0.0,0.0
P22564,0.0,0.0,0.0
P22634,0.8555253386138569,0.8555253386138569,0.22122103254518496
P22939,1.790444500149013e-10,1.7904445001490006e-10,4.629716539776052e-11
P23200,0.0,0.0,0.0
P23256,5.361163866410738e-10,5.361163866410738e-10,1.386285306397715e-10
P23331,0.0,0.0,0.0
P23522,0.0,0.0,0.0
P23524,0.0,0.0,0.0
P23538,0.0,0.0,0.0
P23721,0.0005922327134612448,0.0005922327134612448,0.0004780565547547561
P23830,0.0624995625237326,0.0624995625237326,0.016161085044569277
P23845,0.4230177630904255,0.4230177630904189,0.10938358235822955
P23857,0.0,0.0,0.0
P23871,0.0,0.0,0.0
P23876,0.0,0.0,0.0
P23877,0.0,0.0,0.0
P23878,0.0,0.0,0.0
P23883,0.0,0.0,0.0
P23893,0.04048482531160261,0.04048482531160261,0.010468532553758202
P23908,0.000816081618243919,0.000816081618243919,0.0002110217080438219
P23917,0.0,0.0,0.0
P23930,0.0,0.0,0.0
P24169,0.0,0.0,0.0
P24173,0.0,0.0,0.0
P24174,0.0,0.0,0.0
P24175,0.0,0.0,0.0
P24182,0.07039812060537283,0.07039812060537284,0.01820348764280165
P24183,1.7543304995624284e-07,1.7618138497934404e-07,0.0
P24186,0.47425929498908276,0.4742592949890781,0.12234862309231846
P24203,0.0,0.0,0.0
P24205,0.0,0.0,0.0
P24215,0.0,0.0,0.0
P24224,0.0,0.0,0.0
P24228,0.0,0.0,0.0
P24232,0.0,0.0,0.0
P24240,0.0,0.0,0.0
P24241,0.0,0.0,0.0
P25397,0.0,0.0,0.0
P25437,0.0,0.0,0.0
P25516,1.1612914722189902e-06,1.1777632225790658e-06,1.6713816679663397e-08
P25519,0.0,0.0,0.0
P25524,0.0,0.0,0.0
P25526,0.0,0.0,0.0
P25534,0.0,0.0,0.0
P25535,0.007043571338341597,0.007043571338341597,0.001821320835217119
P25536,0.0,0.0,0.0
P25539,0.0027690078017457986,0.002769007801748226,0.0007160077409521141
P25552,0.0,0.0,0.0
P25553,1.3652245895337201e-05,1.3652245895333213e-05,3.5301864213866365e-06
P25665,0.14394126968283155,0.14394126968283155,0.0
P25718,0.0,0.0,0.0
P25740,0.0,0.0,0.0
P25741,0.0,0.0,0.0
P25742,0.0,0.0,0.0
P25889,0.0,0.0,0.0
P26281,2.010717950383381e-11,2.0107179503827933e-11,5.199297800595657e-12
P26365,0.0,0.0,0.0
P26458,9.128948237408526e-12,9.128948237408526e-12,9.128948237408526e-12
P26459,1.0,1.0,1.0
P26602,0.0,0.0,0.0
P26612,0.0,0.0,0.0
P26616,0.0,0.0,0.0
P26646,0.0,0.0,0.0
P26647,0.07331818254090743,0.07331818254090743,0.018958554836394633
P27126,0.0,0.0,0.0
P27127,0.0,0.0,0.0
P27128,0.0,0.0,0.0
P27129,0.0,0.0,0.0
P27240,0.0,0.0,0.0
P27241,0.0,0.0,0.0
P27242,0.0,0.0,0.0
P27243,0.0,0.0,0.0
P27247,0.08136200550872444,0.08136200550872442,0.0
P27248,0.0,0.0,0.0
P27250,0.0,0.0,0.0
P27253,0.0,0.0,0.0
P27254,0.0,0.0,0.0
P27278,0.0,0.0,0.0
P27300,1.279158353611301e-09,1.279158353611301e-09,3.307637062312808e-10
P27302,0.03534426862680364,0.035344268626803614,0.13621591565068697
P27306,0.10577217306728383,0.10577217306724106,0.0
P27550,0.0,0.0,0.0
P27828,0.0,0.0,0.0
P27829,0.0,0.0,0.0
P27830,0.0,0.0,0.0
P27832,0.0,0.0,0.0
P27833,0.0,0.0,0.0
P27835,0.0,0.0,0.0
P27836,0.0,0.0,0.0
P27848,0.0,0.0,0.0
P28248,0.0,0.0,0.0
P28305,2.0993292631192323e-11,2.0993292631192235e-11,5.428428198187744e-12
P28306,0.0,0.0,0.0
P28629,0.0,0.0,0.0
P28635,0.0,0.0,0.0
P28861,0.0,0.0,0.0
P28903,0.10725887574044729,0.10725887574044729,0.027734911135866524
P28904,0.0,0.0,0.0
P29012,0.2871883622121642,0.0,0.0
P29208,0.0,0.0,0.0
P29680,3.867287521312485,3.867287521312485,1.0
P30011,0.7906564391024841,0.7906564391013986,0.2044472863075213
P30125,0.01567999371569519,0.01567999371569519,0.004054519771101398
P30126,7.995396958003827e-05,7.995396958003827e-05,2.067443114570995e-05
P30136,7.997141997456625e-13,7.997141997456625e-13,2.0678943454254842e-13
P30137,1.774215057838106e-10,1.774215057838106e-10,4.587750582444335e-11
P30138,2.9322811765555108e-09,2.9322811765555108e-09,7.582268348023809e-10
P30139,1.3533995200587124e-13,1.3533995200587124e-13,3.4996092548076026e-14
P30140,2.9322811765555108e-09,2.9322811765555108e-09,7.582268348023809e-10
P30147,0.0,0.0,0.0
P30235,0.0,0.0,0.0
P30744,0.0,0.0,0.0
P30745,0.0,0.0,0.0
P30748,0.0,0.0,0.0
P30749,0.0,0.0,0.0
P30750,0.0,0.0,0.0
P30859,0.0,0.0,0.0
P30860,0.0,0.0,0.0
P30863,0.0,0.0,0.0
P31057,0.01002229703437887,0.010022297034320745,0.0025915572553765346
P31119,3.166804525217046e-08,3.1668045252170464e-08,8.188696878018245e-09
P31120,0.3013810985693486,0.3013810985693486,0.07793087452340897
P31129,0.0,0.0,0.0
P31133,0.0,0.0,0.0
P31134,0.0,0.0,0.0
P31135,0.0,0.0,0.0
P31142,0.0,0.0,0.0
P31434,0.0,0.0,0.0
P31441,0.0,0.0,0.0
P31459,0.0,0.0,0.0
P31467,0.0,0.0,0.0
P31545,1.3533995200587127e-15,1.3533995200587127e-15,3.4996092548076024e-16
P31547,0.0,0.0,0.0
P31548,0.0,0.0,0.0
P31549,0.0,0.0,0.0
P31550,0.0,0.0,0.0
P31551,0.0,0.0,0.0
P31552,0.0,0.0,0.0
P31554,0.003172182232046797,0.003172182232046797,0.000820260250773963
P31572,0.0,0.0,0.0
P31658,0.0,0.0,0.0
P31660,0.0,0.0,0.0
P31663,0.008878638702655484,0.008878638702604634,0.0022958310324275606
P31677,0.0,0.0,0.0
P31678,0.0,0.0,0.0
P31806,0.0,0.0,0.0
P31979,8.435966866652817e-09,8.435966866652766e-09,2.3111239313149853e-09
P32055,0.0,0.0,0.0
P32056,0.0,0.0,0.0
P32099,0.0,0.0,0.0
P32125,0.0,0.0,0.0
P32131,0.0,0.0,0.0
P32138,0.0,0.0,0.0
P32140,0.0,0.0,0.0
P32141,0.0,0.0,0.0
P32143,0.0,0.0,0.0
P32166,0.0,0.0,0.0
P32169,0.0,0.0,0.0
P32170,0.0,0.0,0.0
P32171,0.0,0.0,0.0
P32173,0.0,0.0,0.0
P32176,0.05362018632368442,0.007788647585800917,0.0
P32662,0.0,0.0,0.0
P32664,0.0,0.0,0.0
P32669,5.86269062674053e-08,5.7384144150038e-08,2.564407348002419e-08
P32674,1.8712400395827737e-07,1.8712400395827822e-07,1.767444853221704e-08
P32675,1.8712400395827737e-07,1.8712400395827822e-07,1.767444853221704e-08
P32709,0.0,0.0,0.0
P32718,0.0,0.0,0.0
P32719,0.0,0.0,0.0
P32720,0.0,0.0,0.0
P32721,0.0,0.0,0.0
P33013,0.0,0.0,0.0
P33018,0.0,0.0,0.0
P33022,0.0,0.0,0.0
P33025,0.0,0.0,0.0
P33030,0.0,0.0,0.0
P33195,0.0,0.0,0.0
P33221,0.012405138633391143,0.01240513863339088,0.003207710459857605
P33225,0.0,0.0,0.0
P33226,0.0,0.0,0.0
P33232,0.0,0.0,0.0
P33359,0.0,0.0,0.0
P33360,0.0,0.0,0.0
P33361,0.0,0.0,0.0
P33362,0.0,0.0,0.0
P33363,0.0,0.0,0.0
P33570,0.0,0.0,0.0
P33590,0.0,0.0,0.0
P33591,0.0,0.0,0.0
P33593,0.0,0.0,0.0
P33594,0.0,0.0,0.0
P33599,8.435966866652817e-09,8.435966866652766e-09,2.3111239313149853e-09
P33602,8.435966866652817e-09,8.435966866652766e-09,2.3111239313149853e-09
P33607,8.435966866652817e-09,8.435966866652766e-09,2.3111239313149853e-09
P33931,0.0,0.0,0.0
P33934,0.0,0.0,0.0
P33937,0.0,0.0,0.0
P33940,0.0,0.0,0.0
P35340,0.0,0.0,0.0
P36548,0.0,0.0,0.0
P36553,2.0698753423586073e-09,2.0698753423586073e-09,5.352266494155394e-10
P36561,0.0,0.0,0.0
P36562,0.0,0.0,0.0
P36649,0.0,0.0,0.0
P36655,0.0,0.0,0.0
P36672,0.0,0.0,0.0
P36683,1.0,0.0,0.0
P36937,0.0,0.0,0.0
P36938,0.0,0.0,0.0
P37001,0.0,0.0,0.0
P37028,0.0,0.0,0.0
P37051,0.0,0.0,0.0
P37095,0.0,0.0,0.0
P37128,0.0,0.0,0.0
P37146,0.0,0.0,0.0
P37180,0.0,0.0,0.0
P37188,0.0,0.0,0.0
P37306,3.0993962381216016e-10,3.0993962381216006e-10,8.014393088284584e-11
P37329,1.1048408073663512e-06,1.1048408073663512e-06,2.8568881969018655e-07
P37330,0.0014802174548447149,0.0014802174548442825,0.0
P37339,0.0,0.0,0.0
P37349,7.049006725989377e-09,7.049006725989417e-09,3.083315459593952e-09
P37351,0.0,0.0,0.0
P37353,0.0,0.0,0.0
P37355,0.0,0.0,0.0
P37387,0.0,0.0,0.0
P37388,0.0,0.0,0.0
P37595,0.0,0.0,0.0
P37596,0.0,0.0,0.0
P37610,0.0,0.0,0.0
P37617,0.0,0.0,0.0
P37623,0.0,0.0,0.0
P37646,0.0,0.0,0.0
P37647,0.0,0.0,0.0
P37661,0.0,0.0,0.0
P37666,0.0,0.0,0.0
P37672,0.0,0.0,0.0
P37677,0.0,0.0,0.0
P37678,0.0,0.0,0.0
P37679,0.0,0.0,0.0
P37680,0.0,0.0,0.0
P37685,0.0,0.0,0.0
P37686,8.201290922326686e-12,8.201290922326686e-12,8.201290922326686e-12
P37689,0.0,0.0,0.0
P37691,0.0,0.0,0.0
P37692,0.0,0.0,0.0
P37744,0.0,0.0,0.0
P37745,0.0,0.0,0.0
P37747,0.0,0.0,0.0
P37748,0.0,0.0,0.0
P37749,0.0,0.0,0.0
P37750,0.0,0.0,0.0
P37759,0.0,0.0,0.0
P37760,0.0,0.0,0.0
P37766,0.0,0.0,0.0
P37769,0.0,0.0,0.0
P37772,0.0,0.0,0.0
P37773,0.0,0.0,0.0
P37774,0.0,0.0,0.0
P37794,0.0,0.0,0.0
P37902,0.0,0.0,0.0
P37906,0.0,0.0,0.0
P38038,0.10393587211120442,0.10393587211120402,0.026667937961990715
P38051,0.0,0.0,0.0
P38135,0.0,0.0,0.0
P38489,0.0,0.0,0.0
P39160,0.0,0.0,0.0
P39172,0.0,0.0,0.0
P39176,0.0,0.0,0.0
P39208,0.0,0.0,0.0
P39265,0.0,0.0,0.0
P39280,0.0,0.0,0.0
P39286,0.0,0.0,0.0
P39300,0.0,0.0,0.0
P39301,0.0,0.0,0.0
P39304,0.0,0.0,0.0
P39305,0.0,0.0,0.0
P39306,0.0,0.0,0.0
P39325,0.0,0.0,0.0
P39328,0.0,0.0,0.0
P39346,0.0,0.0,0.0
P39358,0.0,0.0,0.0
P39359,0.0,0.0,0.0
P39400,0.0,0.0,0.0
P39411,0.0,0.0,0.0
P39451,0.0,0.0,0.0
P39452,0.0,0.0,0.0
P39829,0.0,0.0,0.0
P39831,0.0,0.0,0.0
P39832,0.0,0.0,0.0
P40191,0.0,0.0,0.0
P40874,0.0,0.0,0.0
P41052,0.0,0.0,0.0
P41409,0.0,0.0,0.0
P42588,0.0,0.0,0.0
P42604,0.0,0.0,0.0
P42630,0.0,0.0,0.0
P42632,0.0,0.0,0.0
P43337,0.0,0.0,0.0
P43341,1.0837590129179556e-10,1.0837590129179556e-10,2.802375067655037e-11
P45395,0.06731580998159167,0.06731580998159167,0.01740646631795971
P45425,0.0,0.0,0.0
P45541,0.0,0.0,0.0
P45543,0.0,0.0,0.0
P45563,0.0,0.0,0.0
P45568,9.92007284576107e-12,9.920072845760887e-12,2.565124209434065e-12
P45578,0.002249916195382858,0.002249916195382858,0.0005817814638771102
P45799,0.0,0.0,0.0
P46022,0.0,0.0,0.0
P46859,0.0,0.0,0.0
P46883,0.0,0.0,0.0
P46891,0.0,0.0,0.0
P46923,0.0,0.0,0.0
P50457,2.219546698046084e-09,2.219546698046084e-09,5.739285444421291e-10
P51020,0.0,0.0,0.0
P51025,0.0,0.0,0.0
P51981,0.0,0.0,0.0
P52005,0.0,0.0,0.0
P52006,2.7673088931929563e-12,2.7673088931929563e-12,7.155684385871013e-13
P52043,0.0,0.0,0.0
P52045,0.0,0.0,0.0
P52061,0.0,0.0,0.0
P52073,4.21416582612938,4.214165826128149,0.0
P52074,59.51829749224022,59.518297492222835,0.0
P52086,0.0,0.0,0.0
P52094,0.0,0.0,0.0
P52095,0.0,0.0,0.0
P52643,0.0,0.0,0.0
P52647,0.503451662179685,0.5034516621796847,0.13018211327841034
P52697,0.0008989827179903053,0.0008989827179902872,0.003805922718814258
P54745,0.0,0.0,0.0
P54746,0.0,0.0,0.0
P55734,0.0,0.0,0.0
P56100,2.0249942440974562e-10,2.0249942440974562e-10,2.0249942440974562e-10
P56258,0.0,0.0,0.0
P56579,0.0,0.0,0.0
P56580,0.0,0.0,0.0
P60472,3.4713876401470503e-12,3.4713876401469445e-12,8.97628537060226e-13
P60546,0.14180844643412746,0.14180844643412752,0.03666871047281231
P60560,0.0,0.0,0.0
P60595,0.021707607197793438,0.021707607197793438,0.00561313506641634
P60651,0.0,0.0,0.0
P60664,0.02922433155637346,0.02922433155637346,0.007556803417206298
P60716,0.0,0.0,0.0
P60720,0.0,0.0,0.0
P60752,0.15808828104156228,0.15808828104156228,0.04087833660423315
P60757,0.501603619009037,0.501603619009037,0.12970424780798354
P60782,1.511465299187946e-09,1.511465299187946e-09,0.0
P60932,0.0,0.0,0.0
P61517,0.0,0.0,0.0
P61714,1.715280409633635e-05,1.7152804096351384e-05,4.435357857882783e-06
P61887,0.0,0.0,0.0
P61889,0.027657856322594553,0.02765785632259425,0.000381286830111395
P61949,0.037972347089016256,0.03779880364688272,0.009182667470770466
P62601,0.0,0.0,0.0
P62615,0.6480107232675658,0.6480107232675536,0.1675620754072179
P62617,0.01143734187522024,0.011437341875220025,0.002957458376753544
P62620,2.7198470563857696e-09,2.7198470563857187e-09,7.03295796187055e-10
P62623,0.8280443908494519,0.8280443908494513,0.2141150318630578
P62707,0.013478788484693584,0.013478788484693598,0.005221406491085419
P63224,0.0,0.0,0.0
P63228,0.0,0.0,0.0
P63883,0.0,0.0,0.0
P64461,0.00040531832263584664,0.00040531832263584664,0.00010480687572417404
P64636,0.0,0.0,0.0
P65870,0.0,0.0,0.0
P66899,0.0,0.0,0.0
P67910,0.0,0.0,0.0
P68066,0.0,0.0,0.0
P68183,0.0,0.0,0.0
P68187,0.0,0.0,0.0
P68688,1.0,1.0,1.0
P68699,4.876171093671783e-07,4.876171093671756e-07,1.302136640523701e-07
P68767,0.0,0.0,0.0
P69054,1.7494593430566942e-08,1.749459343056676e-08,0.0
P69330,0.0,0.0,0.0
P69432,0.0,0.0,0.0
P69441,0.03830019060794515,0.038300190607944706,0.011262736262681655
P69451,0.0,0.0,0.0
P69490,0.0,0.0,0.0
P69503,0.0,0.0,0.0
P69739,0.0,0.0,0.0
P69741,0.0,0.0,0.0
P69776,0.0,0.0,0.0
P69783,0.06873886323920601,0.06873886323920601,0.02750503941776124
P69786,1.0,0.0,0.0
P69791,0.0,0.0,0.0
P69795,0.0,0.0,0.0
P69797,0.0,0.0,0.0
P69801,0.0,0.0,0.0
P69805,0.0,0.0,0.0
P69811,0.0,0.0,0.0
P69820,0.0,0.0,0.0
P69822,0.0,0.0,0.0
P69824,0.0,0.0,0.0
P69826,0.0,0.0,0.0
P69828,0.0,0.0,0.0
P69831,0.0,0.0,0.0
P69874,0.0,0.0,0.0
P69902,0.0,0.0,0.0
P69908,0.0,0.0,0.0
P69910,0.0,0.0,0.0
P69922,0.0,0.0,0.0
P69924,0.0,0.0,0.0
P71241,0.0,0.0,0.0
P75682,0.0,0.0,0.0
P75691,0.0,0.0,0.0
P75713,0.0,0.0,0.0
P75726,0.0,0.0,0.0
P75728,0.0,0.0,0.0
P75792,0.0,0.0,0.0
P75796,0.0,0.0,0.0
P75797,0.0,0.0,0.0
P75798,0.0,0.0,0.0
P75799,0.0,0.0,0.0
P75804,0.0,0.0,0.0
P75806,4.871882172443919e-10,4.871882172443919e-10,1.2597672517481953e-10
P75809,0.08847622093178294,0.08847622093186049,0.022878107832489846
P75820,0.0,0.0,0.0
P75823,0.0,0.0,0.0
P75838,0.0,0.0,0.0
P75851,0.0,0.0,0.0
P75853,0.0,0.0,0.0
P75893,0.0,0.0,0.0
P75894,0.0,0.0,0.0
P75895,0.0,0.0,0.0
P75897,0.0,0.0,0.0
P75898,0.0,0.0,0.0
P75905,0.0,0.0,0.0
P75908,0.0,0.0,0.0
P75913,0.0,0.0,0.0
P75948,0.0,0.0,0.0
P75949,0.0,0.0,0.0
P75954,0.0,0.0,0.0
P75959,0.0,0.0,0.0
P76008,0.0,0.0,0.0
P76014,7.049006725989377e-09,7.049006725989417e-09,3.083315459593952e-09
P76015,7.049006725989377e-09,7.049006725989417e-09,3.083315459593952e-09
P76038,0.0,0.0,0.0
P76052,0.0,0.0,0.0
P76077,0.0,0.0,0.0
P76078,0.0,0.0,0.0
P76079,0.0,0.0,0.0
P76080,0.0,0.0,0.0
P76081,0.0,0.0,0.0
P76082,0.0,0.0,0.0
P76083,0.0,0.0,0.0
P76084,0.0,0.0,0.0
P76085,0.0,0.0,0.0
P76108,0.0,0.0,0.0
P76112,0.0,0.0,0.0
P76113,0.0,0.0,0.0
P76129,0.0,0.0,0.0
P76142,0.0,0.0,0.0
P76143,0.0190474647050003,0.0190474647050003,0.004925277626768219
P76145,0.0,0.0,0.0
P76149,0.0,0.0,0.0
P76173,0.0,0.0,0.0
P76190,0.0,0.0,0.0
P76193,0.0,0.0,0.0
P76194,0.0,0.0,0.0
P76215,0.0,0.0,0.0
P76216,0.0,0.0,0.0
P76217,0.0,0.0,0.0
P76234,0.0,0.0,0.0
P76245,0.0,0.0,0.0
P76251,0.0,0.0,0.0
P76270,0.0,0.0,0.0
P76290,0.0,0.0,0.0
P76316,0.0,0.0,0.0
P76372,0.0,0.0,0.0
P76373,0.0,0.0,0.0
P76422,8.183101422339272e-11,8.183101422339272e-11,2.1159795792897446e-11
P76423,0.0,0.0,0.0
P76440,0.0,0.0,0.0
P76445,0.0,0.0,0.0
P76458,0.0,0.0,0.0
P76459,0.0,0.0,0.0
P76461,1.882838640696712e-11,1.8828386406967123e-11,4.868628542151198e-12
P76469,0.0,0.0,0.0
P76472,0.0,0.0,0.0
P76473,0.0,0.0,0.0
P76491,0.0,0.0,0.0
P76503,0.0,1.0,0.0
P76514,0.0,0.0,0.0
P76518,0.0,0.0,0.0
P76535,0.0,0.0,0.0
P76536,0.0,0.0,0.0
P76558,0.0,0.0,0.0
P76577,0.0,0.0,0.0
P76641,0.0,0.0,0.0
P76658,0.0,0.0,0.0
P77044,0.0,0.0,0.0
P77150,0.0,0.0,0.0
P77156,0.0,0.0,0.0
P77161,0.0,0.0,0.0
P77172,0.0,0.0,0.0
P77202,0.0,0.0,0.0
P77215,0.0,0.0,0.0
P77218,0.0,0.0,1.2676607968631452e-08
P77231,0.0,0.0,0.0
P77243,0.0,0.0,0.0
P77247,0.0,0.0,0.0
P77252,0.0,0.0,0.0
P77256,0.0,0.0,0.0
P77257,0.0,0.0,0.0
P77272,0.0,0.0,0.0
P77302,0.0,0.0,0.0
P77319,0.0,0.0,0.0
P77334,0.0,0.0,0.0
P77357,0.0,0.0,0.0
P77364,0.0,0.0,0.0
P77366,0.0,0.0,0.0
P77374,0.0,0.0,0.0
P77397,0.0,0.0,0.0
P77398,0.0,0.0,0.0
P77399,0.8843292458589646,0.8843292458589646,0.22866912299265502
P77425,0.0,0.0,0.0
P77432,0.2792818407776533,0.2792818407776533,0.07221646677122945
P77433,0.0,0.0,0.0
P77434,0.0,0.0,0.0
P77444,0.0,0.0,0.0
P77454,0.0,0.0,0.0
P77455,0.0,0.0,0.0
P77467,0.0,0.0,0.0
P77475,0.0,0.0,0.0
P77488,0.23065090228852125,0.2306509022885176,0.05964151902784812
P77495,0.0,0.0,0.0
P77499,0.0,0.0,0.0
P77522,0.0,0.0,0.0
P77526,0.0,0.0,0.0
P77536,0.0,0.0,0.0
P77541,0.0,0.0,0.0
P77555,0.0,0.0,0.0
P77567,0.0,0.0,0.0
P77570,0.0,0.0,0.0
P77580,1.6475747946786714e-08,1.6475747946786578e-08,4.083943374380905e-09
P77581,0.0,0.0,0.0
P77596,0.0,0.0,0.0
P77608,0.0,0.0,0.0
P77619,0.0,0.0,0.0
P77625,0.0,0.0,0.0
P77650,0.0,0.0,0.0
P77671,0.0,0.0,0.0
P77672,0.0,0.0,0.0
P77674,0.0,0.0,0.0
P77689,0.0,0.0,0.0
P77690,0.0,0.0,0.0
P77718,2.9322811765555108e-09,2.9322811765555108e-09,7.582268348023809e-10
P77731,0.0,0.0,0.0
P77756,0.0,0.0,0.0
P77757,0.0,0.0,0.0
P77781,0.0,0.0,0.0
P77783,0.0,0.0,0.0
P77788,0.0,0.0,0.0
P77790,0.0,0.0,0.0
P77791,0.0,0.0,0.0
P77795,0.0,0.0,0.0
P78055,0.0,1.0,0.0
P78061,0.0,0.0,0.0
P80644,0.0,0.0,0.0
P80645,0.0,0.0,0.0
P80668,0.0,0.0,0.0
Q46799,0.0,0.0,0.0
Q46800,0.0,0.0,0.0
Q46801,0.0,0.0,0.0
Q46806,0.0,0.0,0.0
Q46810,0.0,0.0,0.0
Q46822,0.0,0.0,0.0
Q46829,0.0,0.0,0.0
Q46845,0.0,0.0,0.0
Q46851,0.0,0.0,0.0
Q46856,0.0,0.0,0.0
Q46857,0.0,0.0,0.0
Q46871,0.0,0.0,0.0
Q46877,0.0,0.0,0.0
Q46890,0.0,0.0,0.0
Q46893,0.016018941434185,0.0160189414341847,0.0041421645910486166
Q46915,0.0,0.0,0.0
Q46920,0.0,0.0,0.0
Q46925,0.0,0.0,0.0
Q46938,0.0,0.0,0.0
Q47140,0.0,0.0,0.0
Q47146,8.084985622647776e-09,8.08498562264778e-09,2.090608877175981e-09
Q47537,0.0,0.0,0.0
Q47538,0.0,0.0,0.0
Q47539,0.0,0.0,0.0
Q47690,0.0,0.0,0.0
Q59385,0.0,0.0,0.0
Q6BEX0,0.0,0.0,0.0
Q6BF16,0.0,0.0,0.0
Q6BF17,0.0,0.0,0.0
Q93K97,0.0,0.0,0.0
