,acetate,acetate.1,acetate.2
O32583,0.0,0.0,0.0
P00350,0.0,0.0,0.0
P00363,0.0,0.0,0.0
P00370,0.0,0.0,0.0
P00393,0.0,0.0,0.0
P00448,0.0,0.0,0.0
P00452,0.0,0.0,0.0
P00490,0.0,0.0,0.0
P00509,0.0,0.0,0.0
P00547,0.0,0.0,0.0
P00550,0.0,0.0,0.0
P00561,0.0,0.0,0.0
P00562,0.0,0.0,0.0
P00634,0.0,0.0,0.0
P00722,0.0,0.0,0.0
P00805,0.0,0.0,0.0
P00816,0.0,0.0,0.0
P00861,0.0,0.0,0.0
P00864,0.0,0.0,0.0
P00887,0.0,0.0,0.0
P00888,0.0,0.0,0.0
P00893,0.0,0.0,0.0
P00894,0.0,0.0,0.0
P00895,0.0,0.0,0.0
P00903,0.0,0.0,0.0
P00904,0.0,0.0,0.0
P00909,0.0,0.0,0.0
P00926,0.0,0.0,0.0
P00934,0.0,0.0,0.0
P00935,0.0,0.0,0.0
P00936,0.0,0.0,0.0
P00944,0.0,0.0,0.0
P00946,0.0,0.0,0.0
P00963,0.0,0.0,0.0
P00968,0.0,0.0,0.0
P02916,0.0,0.0,0.0
P02918,0.0,0.0,0.0
P02919,0.0,0.0,0.0
P02924,0.0,0.0,0.0
P02925,0.0,0.0,0.0
P03959,0.0,0.0,0.0
P03960,0.0,0.0,0.0
P03961,0.0,0.0,0.0
P04036,0.0,0.0,0.0
P04079,0.0,0.0,0.0
P04391,0.0,0.0,0.0
P04425,0.0,0.0,0.0
P04693,0.0,0.0,0.0
P04805,0.0,0.0,0.0
P04825,0.0,0.0,0.0
P04951,0.0,0.0,0.0
P04968,0.0,0.0,0.0
P04982,0.0,0.0,0.0
P04983,0.0,0.0,0.0
P05020,0.0,0.0,0.0
P05041,0.0,0.0,0.0
P05042,0.0,0.0,0.0
P05194,0.0,0.0,0.0
P05459,0.0,0.0,0.0
P05637,0.0,0.0,0.0
P05706,0.0,0.0,0.0
P05707,0.0,0.0,0.0
P05791,0.0,0.0,0.0
P05793,0.0,0.0,0.0
P05804,0.0,0.0,0.0
P05847,0.0,0.0,0.0
P06149,0.0,0.0,0.0
P06282,0.0,0.0,0.0
P06609,0.0,0.0,0.0
P06610,0.0,0.0,0.0
P06611,0.0,0.0,0.0
P06715,0.0,0.0,0.0
P06720,0.0,0.0,0.0
P06721,0.0,0.0,0.0
P06959,0.0,0.0,0.0
P06960,0.0,0.0,0.0
P06968,0.0,0.0,0.0
P06972,0.0,0.0,0.0
P06983,0.0,0.0,0.0
P06986,0.0,0.0,0.0
P06987,0.0,0.0,0.0
P06988,0.0,0.0,0.0
P06989,0.0,0.0,0.0
P06999,0.0,0.0,0.0
P07000,-8.019504091681436e-17,-8.019504091681436e-17,-8.019504091681436e-17
P07001,0.0,0.0,0.0
P07003,0.0,0.0,0.0
P07004,0.0,0.0,0.0
P07014,0.17943870024907974,0.17943870024907974,0.17943870024907974
P07023,0.0,0.0,0.0
P07024,0.0,0.0,0.0
P07102,0.0,0.0,0.0
P07109,0.0,0.0,0.0
P07623,0.0,0.0,0.0
P07639,0.0,0.0,0.0
P07650,0.0,0.0,0.0
P07654,0.0,0.0,0.0
P07762,0.0,0.0,0.0
P07821,0.0,0.0,0.0
P07822,0.0,0.0,0.0
P07862,0.0,0.0,0.0
P07913,0.0,0.0,0.0
P08142,0.0,0.0,0.0
P08178,0.0,0.0,0.0
P08179,0.0,0.0,0.0
P08192,0.0,0.0,0.0
P08200,0.06391205022986278,0.06391205022986278,0.06391205022986278
P08201,0.0,0.0,0.0
P08202,0.0,0.0,0.0
P08203,0.0,0.0,0.0
P08204,0.0,0.0,0.0
P08244,0.0,0.0,0.0
P08331,0.0,0.0,0.0
P08337,0.0,0.0,0.0
P08373,0.0,0.0,0.0
P08506,0.0,0.0,0.0
P08660,0.0,0.0,0.0
P08722,0.0,0.0,0.0
P08839,0.0,0.0,0.0
P08997,0.0,0.0,0.0
P09029,0.0,0.0,0.0
P09053,0.0,0.0,0.0
P09099,0.0,0.0,0.0
P09126,0.0,0.0,0.0
P09147,0.0,0.0,0.0
P09148,0.0,0.0,0.0
P09151,0.0,0.0,0.0
P09152,0.0,0.0,0.0
P09158,0.0,0.0,0.0
P09323,0.0,0.0,0.0
P09373,0.0,0.0,0.0
P09394,0.0,0.0,0.0
P09424,0.0,0.0,0.0
P09546,0.0,0.0,0.0
P09551,0.0,0.0,0.0
P09831,0.0,0.0,0.0
P09832,0.0,0.0,0.0
P09833,0.0,0.0,0.0
P0A6A3,0.09155024870744541,0.09155024870744541,0.09155024870744541
P0A6A6,0.0,0.0,0.0
P0A6A8,0.0,0.0,0.0
P0A6B4,0.0,0.0,0.0
P0A6B7,0.0,0.0,0.0
P0A6C5,0.0,0.0,0.0
P0A6C8,0.0,0.0,0.0
P0A6D3,0.0,0.0,0.0
P0A6D5,0.0,0.0,0.0
P0A6D7,0.0,0.0,0.0
P0A6E1,0.0,0.0,0.0
P0A6E4,0.0,0.0,0.0
P0A6E6,5.83529873258446,5.83529873258446,5.83529873258446
P0A6F1,0.0,0.0,0.0
P0A6F3,-2.2001912239157642e-10,-2.2001912239157642e-10,-2.2001912239157642e-10
P0A6G3,0.0,0.0,0.0
P0A6G5,0.0,0.0,0.0
P0A6H8,0.0,0.0,0.0
P0A6I0,9.305741514254287e-09,9.305741514254287e-09,9.305741514254287e-09
P0A6I3,0.0,0.0,0.0
P0A6I6,0.0,0.0,0.0
P0A6I9,0.0,0.0,0.0
P0A6J1,0.0,0.0,0.0
P0A6J5,0.0,0.0,0.0
P0A6J8,0.0,0.0,0.0
P0A6K1,0.0,0.0,0.0
P0A6K6,0.0,0.0,0.0
P0A6L0,0.0,0.0,0.0
P0A6L2,0.0,0.0,0.0
P0A6L4,0.0,0.0,0.0
P0A6L7,0.0,0.0,0.0
P0A6P9,0.0,0.0,0.0
P0A6Q3,0.0,0.0,0.0
P0A6Q6,0.0,0.0,0.0
P0A6R0,0.0,0.0,0.0
P0A6S7,0.0,0.0,0.0
P0A6T1,0.0,0.0,0.0
P0A6T3,0.0,0.0,0.0
P0A6T5,0.0,0.0,0.0
P0A6T9,0.0,0.0,0.0
P0A6U8,0.0,0.0,0.0
P0A6V1,0.0,0.0,0.0
P0A6V5,0.0,0.0,0.0
P0A6V8,0.0,0.0,0.0
P0A6W0,0.0,0.0,0.0
P0A6W3,0.0,0.0,0.0
P0A6W9,0.0,0.0,0.0
P0A6X1,0.0,0.0,0.0
P0A715,0.0,0.0,0.0
P0A717,0.0,0.0,0.0
P0A720,0.0,0.0,0.0
P0A722,0.0,0.0,0.0
P0A725,0.0,0.0,0.0
P0A731,0.0,0.0,0.0
P0A738,0.0,0.0,0.0
P0A744,0.0,0.0,0.0
P0A746,0.0,0.0,0.0
P0A749,0.0,0.0,0.0
P0A752,0.0,0.0,0.0
P0A754,0.0,0.0,0.0
P0A759,0.0,0.0,0.0
P0A761,0.0,0.0,0.0
P0A763,-1.1606745193803712e-10,-1.1606745193803712e-10,-1.1606745193803712e-10
P0A786,0.0,0.0,0.0
P0A790,0.0,0.0,0.0
P0A794,0.0,0.0,0.0
P0A796,0.0,0.0,0.0
P0A799,0.0,0.0,0.0
P0A7A7,0.0,0.0,0.0
P0A7A9,0.0,0.0,0.0
P0A7B1,0.0,0.0,0.0
P0A7B3,0.0,0.0,0.0
P0A7B5,0.0,0.0,0.0
P0A7D4,0.0,0.0,0.0
P0A7D7,0.0,0.0,0.0
P0A7E1,0.0,0.0,0.0
P0A7E3,0.0,0.0,0.0
P0A7E5,0.0,0.0,0.0
P0A7E9,0.0,0.0,0.0
P0A7F3,0.0,0.0,0.0
P0A7F6,0.0,0.0,0.0
P0A7I7,0.0,0.0,0.0
P0A7J0,0.0,0.0,0.0
P0A7Z0,0.0,0.0,0.0
P0A817,0.0,0.0,0.0
P0A825,0.0,0.0,0.0
P0A836,0.04594568760367367,0.04594568760367367,0.04594568760367367
P0A840,0.0,0.0,0.0
P0A853,0.0,0.0,0.0
P0A858,0.0,0.0,0.0
P0A867,0.0,0.0,0.0
P0A870,0.0,0.0,0.0
P0A877,0.0,0.0,0.0
P0A879,0.0,0.0,0.0
P0A884,0.0,0.0,0.0
P0A887,0.0,0.0,0.0
P0A8F0,0.0,0.0,0.0
P0A8F4,0.0,0.0,0.0
P0A8G3,0.0,0.0,0.0
P0A8G6,0.0,0.0,0.0
P0A8K1,0.0,0.0,0.0
P0A8N5,0.0,0.0,0.0
P0A8Q0,0.0,0.0,0.0
P0A8Q3,0.0,0.0,0.0
P0A8Y1,0.0,0.0,0.0
P0A8Y3,0.0,0.0,0.0
P0A8Y5,0.0,0.0,0.0
P0A8Y8,0.0,0.0,0.0
P0A921,0.0,0.0,0.0
P0A924,-4.278185460438353e-18,-4.278185460438353e-18,-4.278185460438353e-18
P0A935,0.0,0.0,0.0
P0A951,0.0,0.0,0.0
P0A953,0.0,0.0,0.0
P0A955,0.0,0.0,0.0
P0A959,0.0,0.0,0.0
P0A962,0.0,0.0,0.0
P0A991,0.0,0.0,0.0
P0A993,0.0,0.0,0.0
P0A996,0.0,0.0,0.0
P0A9B2,0.0,0.0,0.0
P0A9B6,0.0,0.0,0.0
P0A9C0,0.0,0.0,0.0
P0A9C3,0.0,0.0,0.0
P0A9C5,0.0,0.0,0.0
P0A9C9,0.0,0.0,0.0
P0A9D4,0.0,0.0,0.0
P0A9D8,0.0,0.0,0.0
P0A9G6,0.0,0.0,0.0
P0A9H3,0.0,0.0,0.0
P0A9H5,0.0,0.0,0.0
P0A9H7,0.0,0.0,0.0
P0A9I1,0.0,0.0,0.0
P0A9I8,0.0,0.0,0.0
P0A9J4,0.0,0.0,0.0
P0A9J6,0.0,0.0,0.0
P0A9J8,0.0,0.0,0.0
P0A9L8,0.0,0.0,0.0
P0A9M2,0.0,0.0,0.0
P0A9M5,0.0,0.0,0.0
P0A9M8,0.4866726056575735,0.4866726056575735,0.4866726056575735
P0A9N4,0.0,0.0,0.0
P0A9N8,0.0,0.0,0.0
P0A9P0,0.04223673255591972,0.04223673255591972,0.04223673255591972
P0A9P4,0.0,0.0,0.0
P0A9P9,0.0,0.0,0.0
P0A9Q5,0.0,0.0,0.0
P0A9Q7,0.0,0.0,0.0
P0A9Q9,0.0,0.0,0.0
P0A9S1,0.0,0.0,0.0
P0A9S3,0.0,0.0,0.0
P0A9S5,0.0,0.0,0.0
P0A9T0,0.0,0.0,0.0
P0A9U8,0.0,0.0,0.0
P0A9V1,0.0,0.0,0.0
P0A9V8,0.0,0.0,0.0
P0A9X1,0.0,0.0,0.0
P0AA04,0.0,0.0,0.0
P0AA25,0.0,0.0,0.0
P0AA84,0.0,0.0,0.0
P0AA89,0.0,0.0,0.0
P0AAB4,0.0,0.0,0.0
P0AAF3,0.0,0.0,0.0
P0AAF6,0.0,0.0,0.0
P0AAG3,0.0,0.0,0.0
P0AAG8,0.0,0.0,0.0
P0AAH0,0.0,0.0,0.0
P0AAI1,0.0,0.0,0.0
P0AAI5,0.0,0.0,0.0
P0AAI9,0.0,0.0,0.0
P0AAJ1,0.0,0.0,0.0
P0AAJ3,0.0,0.0,0.0
P0AAJ5,0.0,0.0,0.0
P0AAJ8,0.0,0.0,0.0
P0AAK1,0.0,0.0,0.0
P0AAK7,0.0,0.0,0.0
P0AAL3,0.0,0.0,0.0
P0AAM1,0.0,0.0,0.0
P0AAN3,0.0,0.0,0.0
P0AAX8,0.0,0.0,0.0
P0AB65,1.0,1.0,1.0
P0AB67,0.0,0.0,0.0
P0AB71,1.0,1.0,1.0
P0AB74,0.0,0.0,0.0
P0AB77,0.0,0.0,0.0
P0AB80,0.0,0.0,0.0
P0AB87,0.0,0.0,0.0
P0AB89,0.0,0.0,0.0
P0AB91,0.0,0.0,0.0
P0AB96,0.0,0.0,0.0
P0AB98,48.43027366854714,48.43027366854714,48.43027366854714
P0ABA0,8.036574201735487,8.036574201735487,8.036574201735487
P0ABA4,6.810000757538032,6.810000757538032,6.810000757538032
P0ABA6,26.220939542459778,26.220939542459778,26.220939542459778
P0ABB0,3.684485429595451,3.684485429595451,3.684485429595451
P0ABB4,2.615276871959999,2.615276871959999,2.615276871959999
P0ABB8,0.0,0.0,0.0
P0ABC0,0.0,0.0,0.0
P0ABD3,0.0,0.0,0.0
P0ABD5,0.0,0.0,0.0
P0ABD8,0.0,0.0,0.0
P0ABE9,0.0,0.0,0.0
P0ABF6,0.0,0.0,0.0
P0ABF8,-1.6918451433517188e-17,-1.6918451433517188e-17,-1.6918451433517188e-17
P0ABG1,-2.1634580881563315e-06,-2.1634580881563315e-06,-2.1634580881563315e-06
P0ABG4,0.0,0.0,0.0
P0ABH7,0.0725358740438142,0.0725358740438142,0.0725358740438142
P0ABI8,1.886549890072647,1.886549890072647,1.886549890072647
P0ABJ1,0.7702330058024841,0.7702330058024841,0.7702330058024841
P0ABJ3,34.141223317381886,34.141223317381886,34.141223317381886
P0ABJ6,24.41077311258308,24.41077311258308,24.41077311258308
P0ABJ9,0.0,0.0,0.0
P0ABK2,0.0,0.0,0.0
P0ABK5,0.0,0.0,0.0
P0ABK9,0.0,0.0,0.0
P0ABL1,0.0,0.0,0.0
P0ABL3,0.0,0.0,0.0
P0ABL5,0.0,0.0,0.0
P0ABL8,0.0,0.0,0.0
P0ABM1,0.0,0.0,0.0
P0ABM5,0.0,0.0,0.0
P0ABN1,0.0,0.0,0.0
P0ABP8,0.0,0.0,0.0
P0ABQ0,0.0,0.0,0.0
P0ABQ2,0.0,0.0,0.0
P0ABQ4,0.0,0.0,0.0
P0ABR5,0.0,0.0,0.0
P0ABR9,0.0,0.0,0.0
P0ABU0,0.0,0.0,0.0
P0ABW0,0.0,0.0,0.0
P0ABY4,0.0,0.0,0.0
P0ABZ4,0.0,0.0,0.0
P0AC00,0.0,0.0,0.0
P0AC13,0.0,0.0,0.0
P0AC16,0.0,0.0,0.0
P0AC19,0.0,0.0,0.0
P0AC28,0.0,0.0,0.0
P0AC33,0.0,0.0,0.0
P0AC35,0.0,0.0,0.0
P0AC38,0.0,0.0,0.0
P0AC41,0.17267396234047683,0.17267396234047683,0.17267396234047683
P0AC44,32.74830182820715,32.74830182820715,32.74830182820715
P0AC47,0.0,0.0,0.0
P0AC53,0.0,0.0,0.0
P0AC59,0.0,0.0,0.0
P0AC62,0.0,0.0,0.0
P0AC69,0.0,0.0,0.0
P0AC75,0.0,0.0,0.0
P0AC78,0.0,0.0,0.0
P0AC81,0.0,0.0,0.0
P0AC84,0.0,0.0,0.0
P0AC86,0.0,0.0,0.0
P0AC88,0.0,0.0,0.0
P0ACB2,0.0,0.0,0.0
P0ACB4,0.0,0.0,0.0
P0ACC7,0.0,0.0,0.0
P0ACD4,0.0,0.0,0.0
P0ACD8,0.0,0.0,0.0
P0ACE0,0.0,0.0,0.0
P0ACE7,0.0,0.0,0.0
P0ACV0,0.0,0.0,0.0
P0ACV2,0.0,0.0,0.0
P0AD57,0.0,0.0,0.0
P0AD61,0.0,0.0,0.0
P0AD65,0.0,0.0,0.0
P0AD68,0.0,0.0,0.0
P0AD70,0.0,0.0,0.0
P0ADA1,0.0,0.0,0.0
P0ADC1,0.0,0.0,0.0
P0ADC6,0.0,0.0,0.0
P0ADF6,0.0,0.0,0.0
P0ADF8,0.0,0.0,0.0
P0ADG4,0.0,0.0,0.0
P0ADG7,0.0,0.0,0.0
P0ADI4,0.0,0.0,0.0
P0ADP0,0.0,0.0,0.0
P0ADU2,0.0,0.0,0.0
P0ADV1,0.0,0.0,0.0
P0ADV9,0.0,0.0,0.0
P0AE08,0.0,0.0,0.0
P0AE12,0.0,0.0,0.0
P0AE22,0.0,0.0,0.0
P0AE26,0.0,0.0,0.0
P0AE30,0.0,0.0,0.0
P0AE34,0.0,0.0,0.0
P0AE37,0.0,0.0,0.0
P0AE52,0.0,0.0,0.0
P0AE76,0.0,0.0,0.0
P0AEA5,0.0,0.0,0.0
P0AEA8,0.0,0.0,0.0
P0AEB0,0.0,0.0,0.0
P0AEB2,0.0,0.0,0.0
P0AED7,0.0,0.0,0.0
P0AEE5,0.0,0.0,0.0
P0AEG6,0.0,0.0,0.0
P0AEI6,0.0,0.0,0.0
P0AEJ2,0.0,0.0,0.0
P0AEJ6,0.0,0.0,0.0
P0AEK2,0.0,0.0,0.0
P0AEK4,0.0,0.0,0.0
P0AEK7,0.0,0.0,0.0
P0AEL0,0.0,0.0,0.0
P0AEL6,0.0,0.0,0.0
P0AEM9,0.0,0.0,0.0
P0AEN1,0.0,0.0,0.0
P0AEP3,0.0,0.0,0.0
P0AEP7,0.0,0.0,0.0
P0AEP9,0.0,0.0,0.0
P0AEQ3,0.0,0.0,0.0
P0AEQ6,0.0,0.0,0.0
P0AER3,0.0,0.0,0.0
P0AER5,0.0,0.0,0.0
P0AES0,0.0,0.0,0.0
P0AES2,0.0,0.0,0.0
P0AET8,0.0,0.0,0.0
P0AEU0,0.0,0.0,0.0
P0AEU3,0.0,0.0,0.0
P0AEW4,0.0,0.0,0.0
P0AEW6,0.0,0.0,0.0
P0AEW9,0.0,0.0,0.0
P0AEX9,0.0,0.0,0.0
P0AEY3,0.0,0.0,0.0
P0AEZ1,0.0,0.0,0.0
P0AEZ7,0.0,0.0,0.0
P0AF01,0.0,0.0,0.0
P0AF03,0.0,0.0,0.0
P0AF12,0.0,0.0,0.0
P0AF16,0.0,0.0,0.0
P0AF18,0.0,0.0,0.0
P0AF24,0.0,0.0,0.0
P0AF26,0.0,0.0,0.0
P0AF32,0.0,0.0,0.0
P0AF98,0.0,0.0,0.0
P0AFA9,0.0,0.0,0.0
P0AFC0,0.0,0.0,0.0
P0AFC3,0.5188026040912554,0.5188026040912554,0.5188026040912554
P0AFC7,1.07787246545867,1.07787246545867,1.07787246545867
P0AFD1,0.3244457274859638,0.3244457274859638,0.3244457274859638
P0AFD4,1.563870578274131,1.563870578274131,1.563870578274131
P0AFD6,0.7992819492004943,0.7992819492004943,0.7992819492004943
P0AFE0,5.978368937284036e-10,5.978368937284036e-10,5.978368937284036e-10
P0AFE4,2.54864746792675,2.54864746792675,2.54864746792675
P0AFE8,41.93444543910083,41.93444543910083,41.93444543910083
P0AFF0,11.391313219583735,11.391313219583735,11.391313219583735
P0AFG3,0.08315733524355633,0.08315733524355633,0.08315733524355633
P0AFG6,0.035900557299502645,0.035900557299502645,0.035900557299502645
P0AFG8,0.0,0.0,0.0
P0AFI0,0.0,0.0,0.0
P0AFI5,0.0,0.0,0.0
P0AFI7,0.0,0.0,0.0
P0AFK4,0.0,0.0,0.0
P0AFK6,0.0,0.0,0.0
P0AFK9,0.0,0.0,0.0
P0AFL1,0.0,0.0,0.0
P0AFL6,0.0,0.0,0.0
P0AFM2,0.0,0.0,0.0
P0AFP4,0.0,0.0,0.0
P0AFQ5,0.0,0.0,0.0
P0AFR9,0.0,0.0,0.0
P0AFS1,0.0,0.0,0.0
P0AFS3,0.0,0.0,0.0
P0AFS9,0.0,0.0,0.0
P0AFT2,0.0,0.0,0.0
P0AFU8,0.0,0.0,0.0
P0AFV4,0.0,0.0,0.0
P0AG00,0.0,0.0,0.0
P0AG07,0.0,0.0,0.0
P0AG16,0.0,0.0,0.0
P0AG18,0.0,0.0,0.0
P0AG20,0.0,0.0,0.0
P0AG24,0.0,0.0,0.0
P0AG40,0.0,0.0,0.0
P0AG78,0.0,0.0,0.0
P0AG80,0.0,0.0,0.0
P0AG82,0.0,0.0,0.0
P0AG84,0.0,0.0,0.0
P0AGB0,0.0,0.0,0.0
P0AGC3,0.0,0.0,0.0
P0AGC5,0.0,0.0,0.0
P0AGD1,0.0,0.0,0.0
P0AGD3,0.0,0.0,0.0
P0AGE6,0.0,0.0,0.0
P0AGE9,0.03620657580770048,0.03620657580770048,0.03620657580770048
P0AGF6,0.0,0.0,0.0
P0AGG0,0.0,0.0,0.0
P0AGG2,0.0,0.0,0.0
P0AGG4,0.0,0.0,0.0
P0AGH8,0.0,0.0,0.0
P0AGI1,0.0,0.0,0.0
P0AGI4,0.0,0.0,0.0
P0AGK1,0.0,0.0,0.0
P0C066,0.0,0.0,0.0
P0C0T5,0.0,0.0,0.0
P0C7L2,0.0,0.0,0.0
P0C8J6,0.0,0.0,0.0
P0C8J8,0.0,0.0,0.0
P0C8K0,0.0,0.0,0.0
P0C960,0.0,0.0,0.0
P0CI31,0.0,0.0,0.0
P0DP69,0.0,0.0,0.0
P10346,0.0,0.0,0.0
P10371,0.0,0.0,0.0
P10378,0.0,0.0,0.0
P10441,0.0,0.0,0.0
P10902,0.0,0.0,0.0
P10905,0.0,0.0,0.0
P10906,0.0,0.0,0.0
P10907,0.0,0.0,0.0
P10908,-6.133645916601261e-07,-6.133645916601261e-07,-6.133645916601261e-07
P11349,0.0,0.0,0.0
P11350,0.0,0.0,0.0
P11446,0.0,0.0,0.0
P11447,0.0,0.0,0.0
P11454,0.0,0.0,0.0
P11458,0.0,0.0,0.0
P11553,0.0,0.0,0.0
P11868,0.0,0.0,0.0
P11880,0.0,0.0,0.0
P11988,0.0,0.0,0.0
P12008,0.0,0.0,0.0
P12281,0.0,0.0,0.0
P12282,0.0,0.0,0.0
P12758,0.0,0.0,0.0
P12995,0.0,0.0,0.0
P12996,0.0,0.0,0.0
P12998,0.0,0.0,0.0
P12999,0.0,0.0,0.0
P13000,0.0,0.0,0.0
P13001,0.0,0.0,0.0
P13009,0.0,0.0,0.0
P13016,0.0,0.0,0.0
P13029,0.0,0.0,0.0
P13033,0.0,0.0,0.0
P13035,0.0,0.0,0.0
P13482,0.0,0.0,0.0
P14081,0.0,0.0,0.0
P14175,0.0,0.0,0.0
P14176,0.0,0.0,0.0
P14407,3.898901173932051e-10,3.898901173932051e-10,3.898901173932051e-10
P14900,0.0,0.0,0.0
P15028,0.0,0.0,0.0
P15029,0.0,0.0,0.0
P15030,0.0,0.0,0.0
P15031,0.0,0.0,0.0
P15042,0.0,0.0,0.0
P15047,0.0,0.0,0.0
P15067,0.0,0.0,0.0
P15254,0.0,0.0,0.0
P15288,0.0,0.0,0.0
P15639,0.0,0.0,0.0
P15640,0.0,0.0,0.0
P15723,0.0,0.0,0.0
P15770,0.0,0.0,0.0
P15877,0.0,0.0,0.0
P15977,0.0,0.0,0.0
P16095,0.0,0.0,0.0
P16429,0.0,0.0,0.0
P16430,0.0,0.0,0.0
P16431,0.0,0.0,0.0
P16432,0.0,0.0,0.0
P16433,0.0,0.0,0.0
P16456,0.0,0.0,0.0
P16676,0.0,0.0,0.0
P16677,0.0,0.0,0.0
P16679,0.0,0.0,0.0
P16682,0.0,0.0,0.0
P16685,0.0,0.0,0.0
P16686,0.0,0.0,0.0
P16687,0.0,0.0,0.0
P16688,0.0,0.0,0.0
P16689,0.0,0.0,0.0
P16690,0.0,0.0,0.0
P16691,0.0,0.0,0.0
P16692,0.0,0.0,0.0
P16700,0.0,0.0,0.0
P16701,0.0,0.0,0.0
P16703,0.0,0.0,0.0
P17109,0.0,0.0,0.0
P17115,0.0,0.0,0.0
P17169,0.0,0.0,0.0
P17334,0.0,0.0,0.0
P17411,0.0,0.0,0.0
P17443,0.0,0.0,0.0
P17444,0.0,0.0,0.0
P17445,0.0,0.0,0.0
P17846,0.0,0.0,0.0
P17854,0.0,0.0,0.0
P17952,0.0,0.0,0.0
P17993,0.0,0.0,0.0
P18133,0.0,0.0,0.0
P18200,0.0,0.0,0.0
P18335,0.0,0.0,0.0
P18775,0.0,0.0,0.0
P18776,0.0,0.0,0.0
P18777,0.0,0.0,0.0
P18843,0.0,0.0,0.0
P18956,0.0,0.0,0.0
P19317,0.0,0.0,0.0
P19318,0.0,0.0,0.0
P19319,0.0,0.0,0.0
P19624,0.0,0.0,0.0
P19636,0.0,0.0,0.0
P19642,0.0,0.0,0.0
P19925,0.0,0.0,0.0
P19926,0.0,0.0,0.0
P20099,0.0,0.0,0.0
P20966,0.0,0.0,0.0
P21151,0.0,0.0,0.0
P21156,0.0,0.0,0.0
P21169,0.0,0.0,0.0
P21170,0.0,0.0,0.0
P21177,0.0,0.0,0.0
P21179,0.0,0.0,0.0
P21369,0.0,0.0,0.0
P21437,0.0,0.0,0.0
P21514,0.0,0.0,0.0
P21515,5.908214988847788e-15,5.908214988847788e-15,5.908214988847788e-15
P21517,0.0,0.0,0.0
P21599,0.0,0.0,0.0
P21645,0.0,0.0,0.0
P21829,0.0,0.0,0.0
P22106,0.0,0.0,0.0
P22188,0.0,0.0,0.0
P22255,0.0,0.0,0.0
P22256,0.0,0.0,0.0
P22259,0.0,0.0,0.0
P22333,0.0,0.0,0.0
P22525,0.0,0.0,0.0
P22564,0.0,0.0,0.0
P22634,0.0,0.0,0.0
P22939,0.0,0.0,0.0
P23200,0.0,0.0,0.0
P23256,0.0,0.0,0.0
P23331,0.0,0.0,0.0
P23522,0.0,0.0,0.0
P23524,0.0,0.0,0.0
P23538,0.0,0.0,0.0
P23721,0.0,0.0,0.0
P23830,0.0,0.0,0.0
P23845,0.0,0.0,0.0
P23857,0.0,0.0,0.0
P23871,0.0,0.0,0.0
P23876,0.0,0.0,0.0
P23877,0.0,0.0,0.0
P23878,0.0,0.0,0.0
P23883,0.0,0.0,0.0
P23893,0.0,0.0,0.0
P23908,0.0,0.0,0.0
P23917,0.0,0.0,0.0
P23930,0.0,0.0,0.0
P24169,0.0,0.0,0.0
P24173,0.0,0.0,0.0
P24174,0.0,0.0,0.0
P24175,0.0,0.0,0.0
P24182,0.0,0.0,0.0
P24183,0.0,0.0,0.0
P24186,0.0,0.0,0.0
P24203,0.0,0.0,0.0
P24205,0.0,0.0,0.0
P24215,0.0,0.0,0.0
P24224,0.0,0.0,0.0
P24228,0.0,0.0,0.0
P24232,0.0,0.0,0.0
P24240,0.0,0.0,0.0
P24241,0.0,0.0,0.0
P25397,0.0,0.0,0.0
P25437,0.0,0.0,0.0
P25516,24.02051730686533,24.02051730686533,24.02051730686533
P25519,0.0,0.0,0.0
P25524,0.0,0.0,0.0
P25526,0.0,0.0,0.0
P25534,0.0,0.0,0.0
P25535,0.0,0.0,0.0
P25536,0.0,0.0,0.0
P25539,0.0,0.0,0.0
P25552,0.0,0.0,0.0
P25553,0.0,0.0,0.0
P25665,0.0,0.0,0.0
P25718,0.0,0.0,0.0
P25740,0.0,0.0,0.0
P25741,0.0,0.0,0.0
P25742,0.0,0.0,0.0
P25889,0.0,0.0,0.0
P26281,0.0,0.0,0.0
P26365,0.0,0.0,0.0
P26458,0.0,0.0,0.0
P26459,0.0,0.0,0.0
P26602,0.0,0.0,0.0
P26612,0.0,0.0,0.0
P26616,0.0,0.0,0.0
P26646,0.0,0.0,0.0
P26647,-1.0328486450853075e-08,-1.0328486450853075e-08,-1.0328486450853075e-08
P27126,0.0,0.0,0.0
P27127,0.0,0.0,0.0
P27128,0.0,0.0,0.0
P27129,0.0,0.0,0.0
P27240,0.0,0.0,0.0
P27241,0.0,0.0,0.0
P27242,0.0,0.0,0.0
P27243,0.0,0.0,0.0
P27247,0.0,0.0,0.0
P27248,0.0,0.0,0.0
P27250,0.0,0.0,0.0
P27253,0.0,0.0,0.0
P27254,0.0,0.0,0.0
P27278,0.0,0.0,0.0
P27300,0.0,0.0,0.0
P27302,0.0,0.0,0.0
P27306,0.0,0.0,0.0
P27550,0.0,0.0,0.0
P27828,0.0,0.0,0.0
P27829,0.0,0.0,0.0
P27830,0.0,0.0,0.0
P27832,0.0,0.0,0.0
P27833,0.0,0.0,0.0
P27835,0.0,0.0,0.0
P27836,0.0,0.0,0.0
P27848,0.0,0.0,0.0
P28248,0.0,0.0,0.0
P28305,0.0,0.0,0.0
P28306,0.0,0.0,0.0
P28629,0.0,0.0,0.0
P28635,0.0,0.0,0.0
P28861,3.1104080146433857,3.1104080146433857,3.1104080146433857
P28903,0.0,0.0,0.0
P28904,0.0,0.0,0.0
P29012,0.0,0.0,0.0
P29208,0.0,0.0,0.0
P29680,0.0,0.0,0.0
P30011,0.0,0.0,0.0
P30125,0.0,0.0,0.0
P30126,0.0,0.0,0.0
P30136,0.0,0.0,0.0
P30137,0.0,0.0,0.0
P30138,0.0,0.0,0.0
P30139,0.0,0.0,0.0
P30140,0.0,0.0,0.0
P30147,0.0,0.0,0.0
P30235,0.0,0.0,0.0
P30744,0.0,0.0,0.0
P30745,0.0,0.0,0.0
P30748,0.0,0.0,0.0
P30749,0.0,0.0,0.0
P30750,0.0,0.0,0.0
P30859,0.0,0.0,0.0
P30860,0.0,0.0,0.0
P30863,0.0,0.0,0.0
P31057,0.0,0.0,0.0
P31119,4.25309115359348e-05,4.25309115359348e-05,4.25309115359348e-05
P31120,0.0,0.0,0.0
P31129,0.0,0.0,0.0
P31133,0.0,0.0,0.0
P31134,0.0,0.0,0.0
P31135,0.0,0.0,0.0
P31142,0.0,0.0,0.0
P31434,0.0,0.0,0.0
P31441,0.0,0.0,0.0
P31459,0.0,0.0,0.0
P31467,0.0,0.0,0.0
P31545,0.0,0.0,0.0
P31547,0.0,0.0,0.0
P31548,0.0,0.0,0.0
P31549,0.0,0.0,0.0
P31550,0.0,0.0,0.0
P31551,0.0,0.0,0.0
P31552,0.0,0.0,0.0
P31554,0.0,0.0,0.0
P31572,0.0,0.0,0.0
P31658,0.0,0.0,0.0
P31660,0.0,0.0,0.0
P31663,0.0,0.0,0.0
P31677,0.0,0.0,0.0
P31678,0.0,0.0,0.0
P31806,0.0,0.0,0.0
P31979,0.4779158222902651,0.4779158222902651,0.4779158222902651
P32055,0.0,0.0,0.0
P32056,0.0,0.0,0.0
P32099,0.0,0.0,0.0
P32125,0.0,0.0,0.0
P32131,0.0,0.0,0.0
P32138,0.0,0.0,0.0
P32140,0.0,0.0,0.0
P32141,0.0,0.0,0.0
P32143,0.0,0.0,0.0
P32166,0.0,0.0,0.0
P32169,0.0,0.0,0.0
P32170,0.0,0.0,0.0
P32171,0.0,0.0,0.0
P32173,0.0,0.0,0.0
P32176,0.0,0.0,0.0
P32662,0.0,0.0,0.0
P32664,0.0,0.0,0.0
P32669,0.0,0.0,0.0
P32674,3.502796703601716e-08,3.502796703601716e-08,3.502796703601716e-08
P32675,3.502796703601716e-08,3.502796703601716e-08,3.502796703601716e-08
P32709,0.0,0.0,0.0
P32718,0.0,0.0,0.0
P32719,0.0,0.0,0.0
P32720,0.0,0.0,0.0
P32721,0.0,0.0,0.0
P33013,0.0,0.0,0.0
P33018,0.0,0.0,0.0
P33022,0.0,0.0,0.0
P33025,0.0,0.0,0.0
P33030,0.0,0.0,0.0
P33195,0.0,0.0,0.0
P33221,0.0,0.0,0.0
P33225,0.0,0.0,0.0
P33226,0.0,0.0,0.0
P33232,0.0,0.0,0.0
P33359,0.0,0.0,0.0
P33360,0.0,0.0,0.0
P33361,0.0,0.0,0.0
P33362,0.0,0.0,0.0
P33363,0.0,0.0,0.0
P33570,0.0,0.0,0.0
P33590,0.0,0.0,0.0
P33591,0.0,0.0,0.0
P33593,0.0,0.0,0.0
P33594,0.0,0.0,0.0
P33599,0.27349724074073123,0.27349724074073123,0.27349724074073123
P33602,0.29439585119820905,0.29439585119820905,0.29439585119820905
P33607,50.55782989016585,50.55782989016585,50.55782989016585
P33931,0.0,0.0,0.0
P33934,0.0,0.0,0.0
P33937,0.0,0.0,0.0
P33940,0.0,0.0,0.0
P35340,0.0,0.0,0.0
P36548,0.0,0.0,0.0
P36553,0.0,0.0,0.0
P36561,0.0,0.0,0.0
P36562,0.0,0.0,0.0
P36649,0.0,0.0,0.0
P36655,0.0,0.0,0.0
P36672,0.0,0.0,0.0
P36683,1.568144210541525,1.568144210541525,1.568144210541525
P36937,0.0,0.0,0.0
P36938,0.0,0.0,0.0
P37001,0.0,0.0,0.0
P37028,0.0,0.0,0.0
P37051,0.0,0.0,0.0
P37095,0.0,0.0,0.0
P37128,0.0,0.0,0.0
P37146,0.0,0.0,0.0
P37180,0.0,0.0,0.0
P37188,0.0,0.0,0.0
P37306,0.0,0.0,0.0
P37329,0.0,0.0,0.0
P37330,0.0,0.0,0.0
P37339,0.0,0.0,0.0
P37349,0.0,0.0,0.0
P37351,0.0,0.0,0.0
P37353,0.0,0.0,0.0
P37355,0.0,0.0,0.0
P37387,0.0,0.0,0.0
P37388,0.0,0.0,0.0
P37595,0.0,0.0,0.0
P37596,0.0,0.0,0.0
P37610,0.0,0.0,0.0
P37617,0.0,0.0,0.0
P37623,0.0,0.0,0.0
P37646,0.0,0.0,0.0
P37647,0.0,0.0,0.0
P37661,0.0,0.0,0.0
P37666,0.0,0.0,0.0
P37672,0.0,0.0,0.0
P37677,0.0,0.0,0.0
P37678,0.0,0.0,0.0
P37679,0.0,0.0,0.0
P37680,0.0,0.0,0.0
P37685,0.0,0.0,0.0
P37686,0.0,0.0,0.0
P37689,0.0,0.0,0.0
P37691,0.0,0.0,0.0
P37692,0.0,0.0,0.0
P37744,0.0,0.0,0.0
P37745,0.0,0.0,0.0
P37747,0.0,0.0,0.0
P37748,0.0,0.0,0.0
P37749,0.0,0.0,0.0
P37750,0.0,0.0,0.0
P37759,0.0,0.0,0.0
P37760,0.0,0.0,0.0
P37766,0.0,0.0,0.0
P37769,0.0,0.0,0.0
P37772,0.0,0.0,0.0
P37773,0.0,0.0,0.0
P37774,0.0,0.0,0.0
P37794,0.0,0.0,0.0
P37902,0.0,0.0,0.0
P37906,0.0,0.0,0.0
P38038,0.0,0.0,0.0
P38051,0.0,0.0,0.0
P38135,0.0,0.0,0.0
P38489,0.0,0.0,0.0
P39160,0.0,0.0,0.0
P39172,0.0,0.0,0.0
P39176,0.0,0.0,0.0
P39208,0.0,0.0,0.0
P39265,0.0,0.0,0.0
P39280,0.0,0.0,0.0
P39286,0.0,0.0,0.0
P39300,0.0,0.0,0.0
P39301,0.0,0.0,0.0
P39304,0.0,0.0,0.0
P39305,0.0,0.0,0.0
P39306,0.0,0.0,0.0
P39325,0.0,0.0,0.0
P39328,0.0,0.0,0.0
P39346,0.0,0.0,0.0
P39358,0.0,0.0,0.0
P39359,0.0,0.0,0.0
P39400,0.0,0.0,0.0
P39411,0.0,0.0,0.0
P39451,0.0,0.0,0.0
P39452,0.0,0.0,0.0
P39829,0.0,0.0,0.0
P39831,0.0,0.0,0.0
P39832,0.0,0.0,0.0
P40191,0.0,0.0,0.0
P40874,0.0,0.0,0.0
P41052,0.0,0.0,0.0
P41409,0.0,0.0,0.0
P42588,0.0,0.0,0.0
P42604,0.0,0.0,0.0
P42630,0.0,0.0,0.0
P42632,0.0,0.0,0.0
P43337,0.0,0.0,0.0
P43341,0.0,0.0,0.0
P45395,0.0,0.0,0.0
P45425,0.0,0.0,0.0
P45541,0.0,0.0,0.0
P45543,0.0,0.0,0.0
P45563,0.0,0.0,0.0
P45568,0.0,0.0,0.0
P45578,0.0,0.0,0.0
P45799,0.0,0.0,0.0
P46022,0.0,0.0,0.0
P46859,0.0,0.0,0.0
P46883,0.0,0.0,0.0
P46891,0.0,0.0,0.0
P46923,0.0,0.0,0.0
P50457,0.0,0.0,0.0
P51020,0.0,0.0,0.0
P51025,0.0,0.0,0.0
P51981,0.0,0.0,0.0
P52005,0.0,0.0,0.0
P52006,0.0,0.0,0.0
P52043,0.0,0.0,0.0
P52045,0.0,0.0,0.0
P52061,0.0,0.0,0.0
P52073,0.0,0.0,0.0
P52074,0.0,0.0,0.0
P52086,0.0,0.0,0.0
P52094,0.0,0.0,0.0
P52095,0.0,0.0,0.0
P52643,0.0,0.0,0.0
P52647,33.73827803194689,33.73827803194689,33.73827803194689
P52697,0.0,0.0,0.0
P54745,0.0,0.0,0.0
P54746,0.0,0.0,0.0
P55734,0.0,0.0,0.0
P56100,0.0,0.0,0.0
P56258,0.0,0.0,0.0
P56579,0.0,0.0,0.0
P56580,0.0,0.0,0.0
P60472,0.0,0.0,0.0
P60546,0.0,0.0,0.0
P60560,0.0,0.0,0.0
P60595,0.0,0.0,0.0
P60651,0.0,0.0,0.0
P60664,0.0,0.0,0.0
P60716,0.0,0.0,0.0
P60720,0.0,0.0,0.0
P60752,0.0,0.0,0.0
P60757,0.0,0.0,0.0
P60782,-7.218631099126289e-06,-7.218631099126289e-06,-7.218631099126289e-06
P60932,0.0,0.0,0.0
P61517,0.0,0.0,0.0
P61714,0.0,0.0,0.0
P61887,0.0,0.0,0.0
P61889,0.004941516539945377,0.004941516539945377,0.004941516539945377
P61949,0.4125520082966128,0.4125520082966128,0.4125520082966128
P62601,0.0,0.0,0.0
P62615,0.0,0.0,0.0
P62617,0.0,0.0,0.0
P62620,0.0,0.0,0.0
P62623,0.0,0.0,0.0
P62707,0.0,0.0,0.0
P63224,0.0,0.0,0.0
P63228,0.0,0.0,0.0
P63883,0.0,0.0,0.0
P64461,0.0,0.0,0.0
P64636,0.0,0.0,0.0
P65870,0.0,0.0,0.0
P66899,0.0,0.0,0.0
P67910,0.0,0.0,0.0
P68066,0.0,0.0,0.0
P68183,0.0,0.0,0.0
P68187,0.0,0.0,0.0
P68688,0.0,0.0,0.0
P68699,276.7961916387271,276.7961916387271,276.7961916387271
P68767,0.0,0.0,0.0
P69054,0.5210343592855631,0.5210343592855631,0.5210343592855631
P69330,0.0,0.0,0.0
P69432,0.0,0.0,0.0
P69441,4.262312649992444e-10,4.262312649992444e-10,4.262312649992444e-10
P69451,0.0,0.0,0.0
P69490,0.0,0.0,0.0
P69503,0.0,0.0,0.0
P69739,0.0,0.0,0.0
P69741,0.0,0.0,0.0
P69776,0.0,0.0,0.0
P69783,0.0,0.0,0.0
P69786,0.0,0.0,0.0
P69791,0.0,0.0,0.0
P69795,0.0,0.0,0.0
P69797,0.0,0.0,0.0
P69801,0.0,0.0,0.0
P69805,0.0,0.0,0.0
P69811,0.0,0.0,0.0
P69820,0.0,0.0,0.0
P69822,0.0,0.0,0.0
P69824,0.0,0.0,0.0
P69826,0.0,0.0,0.0
P69828,0.0,0.0,0.0
P69831,0.0,0.0,0.0
P69874,0.0,0.0,0.0
P69902,0.0,0.0,0.0
P69908,0.0,0.0,0.0
P69910,0.0,0.0,0.0
P69922,0.0,0.0,0.0
P69924,0.0,0.0,0.0
P71241,0.0,0.0,0.0
P75682,0.0,0.0,0.0
P75691,0.0,0.0,0.0
P75713,0.0,0.0,0.0
P75726,0.0,0.0,0.0
P75728,0.0,0.0,0.0
P75792,0.0,0.0,0.0
P75796,0.0,0.0,0.0
P75797,0.0,0.0,0.0
P75798,0.0,0.0,0.0
P75799,0.0,0.0,0.0
P75804,0.0,0.0,0.0
P75806,0.0,0.0,0.0
P75809,0.0,0.0,0.0
P75820,0.0,0.0,0.0
P75823,0.0,0.0,0.0
P75838,0.0,0.0,0.0
P75851,0.0,0.0,0.0
P75853,0.0,0.0,0.0
P75893,0.0,0.0,0.0
P75894,0.0,0.0,0.0
P75895,0.0,0.0,0.0
P75897,0.0,0.0,0.0
P75898,0.0,0.0,0.0
P75905,0.0,0.0,0.0
P75908,0.0,0.0,0.0
P75913,0.0,0.0,0.0
P75948,0.0,0.0,0.0
P75949,0.0,0.0,0.0
P75954,0.0,0.0,0.0
P75959,0.0,0.0,0.0
P76008,0.0,0.0,0.0
P76014,0.0,0.0,0.0
P76015,0.0,0.0,0.0
P76038,0.0,0.0,0.0
P76052,0.0,0.0,0.0
P76077,0.0,0.0,0.0
P76078,0.0,0.0,0.0
P76079,0.0,0.0,0.0
P76080,0.0,0.0,0.0
P76081,0.0,0.0,0.0
P76082,0.0,0.0,0.0
P76083,0.0,0.0,0.0
P76084,0.0,0.0,0.0
P76085,0.0,0.0,0.0
P76108,0.0,0.0,0.0
P76112,0.0,0.0,0.0
P76113,0.0,0.0,0.0
P76129,0.0,0.0,0.0
P76142,0.0,0.0,0.0
P76143,0.0,0.0,0.0
P76145,0.0,0.0,0.0
P76149,0.0,0.0,0.0
P76173,0.0,0.0,0.0
P76190,0.0,0.0,0.0
P76193,0.0,0.0,0.0
P76194,0.0,0.0,0.0
P76215,0.0,0.0,0.0
P76216,0.0,0.0,0.0
P76217,0.0,0.0,0.0
P76234,0.0,0.0,0.0
P76245,0.0,0.0,0.0
P76251,0.0,0.0,0.0
P76270,0.0,0.0,0.0
P76290,0.0,0.0,0.0
P76316,0.0,0.0,0.0
P76372,0.0,0.0,0.0
P76373,0.0,0.0,0.0
P76422,0.0,0.0,0.0
P76423,0.0,0.0,0.0
P76440,0.0,0.0,0.0
P76445,0.0,0.0,0.0
P76458,0.0,0.0,0.0
P76459,0.0,0.0,0.0
P76461,0.0,0.0,0.0
P76469,0.0,0.0,0.0
P76472,0.0,0.0,0.0
P76473,0.0,0.0,0.0
P76491,0.0,0.0,0.0
P76503,0.0,0.0,0.0
P76514,0.0,0.0,0.0
P76518,0.0,0.0,0.0
P76535,0.0,0.0,0.0
P76536,0.0,0.0,0.0
P76558,0.0,0.0,0.0
P76577,0.0,0.0,0.0
P76641,0.0,0.0,0.0
P76658,0.0,0.0,0.0
P77044,0.0,0.0,0.0
P77150,0.0,0.0,0.0
P77156,0.0,0.0,0.0
P77161,0.0,0.0,0.0
P77172,0.0,0.0,0.0
P77202,0.0,0.0,0.0
P77215,0.0,0.0,0.0
P77218,0.0,0.0,0.0
P77231,0.0,0.0,0.0
P77243,0.0,0.0,0.0
P77247,0.0,0.0,0.0
P77252,0.0,0.0,0.0
P77256,0.0,0.0,0.0
P77257,0.0,0.0,0.0
P77272,0.0,0.0,0.0
P77302,0.0,0.0,0.0
P77319,0.0,0.0,0.0
P77334,0.0,0.0,0.0
P77357,0.0,0.0,0.0
P77364,0.0,0.0,0.0
P77366,0.0,0.0,0.0
P77374,0.0,0.0,0.0
P77397,0.0,0.0,0.0
P77398,0.0,0.0,0.0
P77399,0.0,0.0,0.0
P77425,0.0,0.0,0.0
P77432,0.0,0.0,0.0
P77433,0.0,0.0,0.0
P77434,0.0,0.0,0.0
P77444,0.0,0.0,0.0
P77454,0.0,0.0,0.0
P77455,0.0,0.0,0.0
P77467,0.0,0.0,0.0
P77475,0.0,0.0,0.0
P77488,0.0,0.0,0.0
P77495,0.0,0.0,0.0
P77499,0.0,0.0,0.0
P77522,0.0,0.0,0.0
P77526,0.0,0.0,0.0
P77536,0.0,0.0,0.0
P77541,0.0,0.0,0.0
P77555,0.0,0.0,0.0
P77567,0.0,0.0,0.0
P77570,0.0,0.0,0.0
P77580,0.0,0.0,0.0
P77581,0.0,0.0,0.0
P77596,0.0,0.0,0.0
P77608,0.0,0.0,0.0
P77619,0.0,0.0,0.0
P77625,0.0,0.0,0.0
P77650,0.0,0.0,0.0
P77671,0.0,0.0,0.0
P77672,0.0,0.0,0.0
P77674,0.0,0.0,0.0
P77689,0.0,0.0,0.0
P77690,0.0,0.0,0.0
P77718,0.0,0.0,0.0
P77731,0.0,0.0,0.0
P77756,0.0,0.0,0.0
P77757,0.0,0.0,0.0
P77781,0.0,0.0,0.0
P77783,0.0,0.0,0.0
P77788,0.0,0.0,0.0
P77790,0.0,0.0,0.0
P77791,0.0,0.0,0.0
P77795,0.0,0.0,0.0
P78055,0.0,0.0,0.0
P78061,0.0,0.0,0.0
P80644,0.0,0.0,0.0
P80645,0.0,0.0,0.0
P80668,0.0,0.0,0.0
Q46799,0.0,0.0,0.0
Q46800,0.0,0.0,0.0
Q46801,0.0,0.0,0.0
Q46806,0.0,0.0,0.0
Q46810,0.0,0.0,0.0
Q46822,0.0,0.0,0.0
Q46829,0.0,0.0,0.0
Q46845,0.0,0.0,0.0
Q46851,0.0,0.0,0.0
Q46856,0.0,0.0,0.0
Q46857,0.0,0.0,0.0
Q46871,0.0,0.0,0.0
Q46877,0.0,0.0,0.0
Q46890,0.0,0.0,0.0
Q46893,0.0,0.0,0.0
Q46915,0.0,0.0,0.0
Q46920,0.0,0.0,0.0
Q46925,0.0,0.0,0.0
Q46938,0.0,0.0,0.0
Q47140,0.0,0.0,0.0
Q47146,0.0,0.0,0.0
Q47537,0.0,0.0,0.0
Q47538,0.0,0.0,0.0
Q47539,0.0,0.0,0.0
Q47690,0.0,0.0,0.0
Q59385,0.0,0.0,0.0
Q6BEX0,0.0,0.0,0.0
Q6BF16,0.0,0.0,0.0
Q6BF17,0.0,0.0,0.0
Q93K97,0.0,0.0,0.0
