,chemostatµ05,chemostatµ05.1,chemostatµ05.2
O32583,2.727848997243317e-09,2.727848997224945e-09,2.7278489972249537e-09
P00350,0.24936420693394382,0.24936420693226063,0.24936420693225056
P00363,0.0,0.0,0.0
P00370,0.002970826740015297,0.0029708267399952723,0.0029708267399952575
P00393,0.0,0.0,0.0
P00448,0.0,0.0,0.0
P00452,0.0,0.0,0.0
P00490,0.0,0.0,0.0
P00509,0.06588453335407651,0.06588453335363209,0.06588453335363126
P00547,1.7702657604074215e-08,1.7702657603954856e-08,1.7702657603954727e-08
P00550,0.0,0.0,0.0
P00561,1.0,0.0,0.0
P00562,9.413192107529982e-09,2.2420340811948668e-08,2.2420340811948532e-08
P00634,0.0,0.0,0.0
P00722,0.0,0.0,0.0
P00805,0.0,0.0,0.0
P00816,0.0,0.0,0.0
P00861,3.2186503684516242e-09,3.2186503684299455e-09,3.2186503684299566e-09
P00864,0.16161995544926597,0.16159688035997602,0.1616199554481765
P00887,1.0,0.0,0.0
P00888,0.05650423157026251,0.21936649838503053,0.21936649838503122
P00893,0.6918780472268916,1.0,0.691878047222234
P00894,0.29960652204765487,0.43303371634423765,0.2996065220456379
P00895,0.020509850709296097,0.02050985070915796,0.020509850709158027
P00903,1.465706215353907e-10,1.4657062153438957e-10,1.4657062153438957e-10
P00904,0.849064832577073,0.8490648325713545,0.8490648325713572
P00909,1.064103654674856e-09,1.064103654667689e-09,1.0641036546676925e-09
P00926,0.0,0.0,0.0
P00934,8.098974600812504e-08,8.098974600757895e-08,8.098974600757837e-08
P00935,0.07711738633775797,0.07711738633723855,0.07711738633723882
P00936,0.0,0.0,0.0
P00944,0.0,0.0,0.0
P00946,0.0,0.0,0.0
P00963,1.0,1.0,1.0
P00968,0.0,0.0,0.0
P02916,0.0,0.0,0.0
P02918,1.0,0.0,0.0
P02919,7.144147769222407e-10,7.84507139702639e-10,7.845071397026417e-10
P02924,0.0,0.0,0.0
P02925,0.0,0.0,0.0
P03959,0.0,0.0,0.0
P03960,0.0,0.0,0.0
P03961,0.0,0.0,0.0
P04036,0.9118771083852726,0.9118771083791307,0.9118771083791338
P04079,1.4939422017772744e-08,1.4939422017672123e-08,1.493942201767219e-08
P04391,0.012369843302573614,0.0123698433024903,0.012369843302490342
P04425,0.0,0.0,0.0
P04693,0.03088317775830957,0.03088317775810157,0.030883177758101673
P04805,0.07624188506541738,0.07624188506490387,0.07624188506490413
P04825,0.0,0.0,0.0
P04951,0.37697157253115005,0.376971572528611,0.37697157252861235
P04968,0.0002445582267118444,0.0002445582267101973,0.0002445582267101981
P04982,0.0,0.0,0.0
P04983,0.0,0.0,0.0
P05020,1.9580227020536605e-08,1.9580227020404723e-08,1.958022702040479e-08
P05041,1.465706215353907e-10,1.4657062153438957e-10,1.4657062153438957e-10
P05042,0.9418139477657193,0.941440249131449,0.9418139477453299
P05194,0.2147842089776325,0.2147842089761859,0.21478420897618658
P05459,0.02169954350157605,0.0216995435014299,0.021699543501429972
P05637,0.0,0.0,0.0
P05706,0.0,0.0,0.0
P05707,0.0,0.0,0.0
P05791,0.8430526951334903,0.8430526951278113,0.8430526951278158
P05793,0.137857503058215,0.13785750305728622,0.1378575030572872
P05804,0.0,0.0,0.0
P05847,0.0,0.0,0.0
P06149,0.0,0.0,0.0
P06282,0.0,0.0,0.0
P06609,0.0,0.0,0.0
P06610,0.0,0.0,0.0
P06611,0.0,0.0,0.0
P06715,0.04922872856272437,0.049228728562392556,0.04922872856239314
P06720,0.0,0.0,0.0
P06721,0.24913915145889828,0.2491391514572203,0.24913915145722113
P06959,0.8493423944467023,0.8493423944467023,0.8493423944467023
P06960,0.0,0.0,0.0
P06968,0.0,0.0,0.0
P06972,0.0,0.0,0.0
P06983,1.0474902439388458e-09,1.047490243931791e-09,1.0474902439317943e-09
P06986,0.0017906632588263658,0.0017906632588143058,0.0017906632588143118
P06987,0.007178917941827496,0.007178917941779146,0.007178917941779169
P06988,9.590774955170787e-09,9.590774955106192e-09,9.590774955106226e-09
P06989,2.809395664166435e-09,2.8093956641475133e-09,2.809395664147523e-09
P06999,1.0,1.0,1.0
P07000,0.0,0.0,0.0
P07001,0.0,0.0,0.0
P07003,0.0,0.0,0.0
P07004,0.20635694067686888,0.20635694067547905,0.20635694067547972
P07014,1.643961647729564e-08,1.6432729746606394e-08,1.643961647692613e-08
P07023,0.00011817020938906463,0.00011817020938826876,0.00011817020938826916
P07024,0.0,0.0,0.0
P07102,0.0,0.0,0.0
P07109,0.0,0.0,0.0
P07623,0.3720602357647847,0.3720602357622787,0.37206023576228003
P07639,0.004848948538577663,0.004848948538545004,0.00484894853854502
P07650,0.0,0.0,0.0
P07654,0.0,0.0,0.0
P07762,0.0,0.0,0.0
P07821,0.0,0.0,0.0
P07822,0.0,0.0,0.0
P07862,0.12177261647985965,0.0,0.12177261647754596
P07913,0.0,0.0,0.0
P08142,0.9815758950276766,0.90895054125362,0.9815758950210699
P08178,1.642785468330685e-08,1.6427854683195705e-08,1.6427854683194825e-08
P08179,0.0,0.0,0.0
P08192,0.0203614955614388,0.020361495561299726,0.020361495561299726
P08200,0.46814727978645465,0.46796182976748607,0.4681472797763331
P08201,0.0,0.0,0.0
P08202,0.0,0.0,0.0
P08203,0.0,0.0,0.0
P08204,0.0,0.0,0.0
P08244,0.7091996862127267,0.7091996862079498,0.7091996862079524
P08331,0.0,0.0,0.0
P08337,0.0,0.0,0.0
P08373,2.0329227216748386e-10,2.0329227216611467e-10,2.0329227216611534e-10
P08506,0.0,0.0,0.0
P08660,0.0,0.0,0.0
P08722,0.0,0.0,0.0
P08839,1.0,1.0,1.0
P08997,1.014293105307977e-06,0.0,0.0
P09029,1.114104524511954e-08,1.1141045245044161e-08,1.1141045245043568e-08
P09053,4.495271449216009e-09,4.495271449185732e-09,4.495271449185749e-09
P09099,0.0,0.0,0.0
P09126,0.004227990603608259,0.004227990603579782,0.004227990603579796
P09147,0.0,0.0,0.0
P09148,0.0,0.0,0.0
P09151,0.7829766574474515,0.7829766574421779,0.7829766574421806
P09152,0.0,0.0,0.0
P09158,0.0,0.0,0.0
P09323,0.0,0.0,0.0
P09373,0.0,0.0,0.0
P09394,0.0,0.0,0.0
P09424,0.0,0.0,0.0
P09546,0.0,0.0,0.0
P09551,0.0,0.0,0.0
P09831,0.0,0.0,0.0
P09832,0.0,0.0,0.0
P09833,9.360884305926303e-06,9.360884305863257e-06,9.360884305863287e-06
P0A6A3,0.054745330087500384,0.054831499390474825,0.05474533009317354
P0A6A6,0.0003130896660456156,0.0003130896660435068,0.00031308966604350795
P0A6A8,0.7045953730339253,0.7045953730292606,0.7045953730292627
P0A6B4,0.0,0.0,0.0
P0A6B7,0.44575118993555857,0.4457511899325561,0.44575118993255664
P0A6C5,5.56661102276922e-08,5.566611022731728e-08,5.5666110227317463e-08
P0A6C8,0.18829115942121652,0.18829115941994837,0.18829115941994898
P0A6D3,0.37294049546050834,0.3729404954579966,0.37294049545799773
P0A6D5,0.0,0.0,0.0
P0A6D7,0.7238301921534199,0.7238301921485447,0.723830192148547
P0A6E1,0.0,0.0,0.0
P0A6E4,6.318699444982041e-08,6.318699444939484e-08,6.318699444939505e-08
P0A6E6,4.20690182546531e-07,4.206853381320675e-07,4.2069018254059397e-07
P0A6F1,0.0,0.0,0.0
P0A6F3,0.0,0.0,0.0
P0A6G3,0.0,0.0,0.0
P0A6G5,0.0,0.0,0.0
P0A6H8,0.0,0.0,0.0
P0A6I0,0.20742968061968833,0.2074296806182899,0.20742968061829292
P0A6I3,0.26017026011582917,0.26017026011357874,0.2601702601143897
P0A6I6,0.2555478255797356,0.25554782557752515,0.25554782557832173
P0A6I9,2.056903296551275e-09,2.0569032965334834e-09,2.056903296539895e-09
P0A6J1,0.16310750048913927,0.16310750048803985,0.1631075004880418
P0A6J5,0.0,0.0,0.0
P0A6J8,1.0,1.5487238623085475,1.0
P0A6K1,4.2539848679852265e-10,4.2539848679565745e-10,4.2539848679565884e-10
P0A6K6,0.4200065118499289,0.4200065118469039,0.4200065118468928
P0A6L0,0.0,0.0,0.0
P0A6L2,0.07698501170893864,0.0769850117084201,0.07698501170842037
P0A6L4,0.0,0.0,0.0
P0A6L7,0.0,0.0,0.0
P0A6P9,0.2885688738183713,0.28856887381851515,0.2885688738185155
P0A6Q3,0.0,0.0,0.0
P0A6Q6,3.061309588550339e-08,3.061309588529721e-08,3.06130958852973e-08
P0A6R0,1.5578765823062814e-05,1.5578765822957887e-05,1.5578765822957938e-05
P0A6S7,0.4462123421221878,0.4462123421191825,0.446212342119184
P0A6T1,0.135613960999206,0.13561396099923562,0.13561396099923578
P0A6T3,0.0,0.0,0.0
P0A6T5,2.8058026913713026e-08,2.805802691352138e-08,2.805802691352138e-08
P0A6T9,0.0,0.0,0.0
P0A6U8,0.0,0.0,0.0
P0A6V1,0.0,0.0,0.0
P0A6V5,0.0,0.0,0.0
P0A6V8,5.625321007008905e-09,5.625321007011486e-09,5.625321007011495e-09
P0A6W0,0.0,0.0,0.0
P0A6W3,7.652976059145182e-10,7.652976059093638e-10,7.652976059093663e-10
P0A6W9,0.0,0.0,0.0
P0A6X1,3.4917598465490925e-09,3.4917598465255754e-09,3.491759846525587e-09
P0A715,0.008692484834803286,0.00869248483474474,0.008692484834744768
P0A717,1.0,1.0,1.0
P0A720,0.3938491013810403,0.39384910137838763,0.39384910137838897
P0A722,0.27242358628103164,0.2724235862791968,0.2724235862791977
P0A725,1.730886805921327e-09,1.730886805909669e-09,1.730886805909675e-09
P0A731,0.0,0.0,0.0
P0A738,0.0,0.0,0.0
P0A744,0.0,0.0,0.0
P0A746,0.0,0.0,0.0
P0A749,0.8752986024699896,0.8752986024640943,0.8752986024640973
P0A752,1.1992958873148825,1.199295887306034,1.1992958873055914
P0A754,0.0,0.0,0.0
P0A759,0.0,0.0,0.0
P0A761,0.0,0.0,0.0
P0A763,0.0,0.0,0.0
P0A786,0.00277117126112698,0.002771171261108315,0.002771171261108325
P0A790,0.26650001524751954,0.2665000152452144,0.26650001524604505
P0A794,0.011727692556314135,0.011727692556235146,0.011727692556235186
P0A796,1.0,1.0,1.0
P0A799,0.03069239428615163,0.030692394286166925,0.030692394286166966
P0A7A7,1.0,1.0,1.0
P0A7A9,0.06396788367257135,0.06396788367193125,0.06396788367193101
P0A7B1,0.0,0.0,0.0
P0A7B3,0.037710318433813124,0.037710318433458644,0.03771031843338775
P0A7B5,1.8279367704906478e-09,1.8279367704783363e-09,1.8279367704783427e-09
P0A7D4,0.8768505512770303,0.8768505512710842,0.8768505512710115
P0A7D7,0.06383754999090792,0.063837549990476,0.06383754999047259
P0A7E1,0.2899311818984874,0.2899311818965345,0.28993118189653555
P0A7E3,1.5174370027182395e-08,1.517437002708019e-08,1.5174370027080242e-08
P0A7E5,1.683093430374087e-09,1.6830934303627503e-09,1.6830934303627561e-09
P0A7E9,0.10801241554619553,0.10801241554546805,0.10801241554546841
P0A7F3,0.0,0.0,0.0
P0A7F6,0.0,0.0,0.0
P0A7I7,4.364699808184247e-10,4.364699808156699e-10,4.3646998081572205e-10
P0A7J0,1.0997186297849613e-09,1.09971862977802e-09,1.0997186297781515e-09
P0A7Z0,0.0006550941399180152,0.0006550941399135937,0.0006550941399135775
P0A817,0.006307387168096915,0.006307387168054435,0.006307387168054456
P0A825,0.6980933937535999,0.6980933937488946,0.6980933937488992
P0A836,0.45904522318643814,0.45884737207488835,0.4590452231759117
P0A840,1.0,1.0,1.0
P0A853,0.04365552931245243,0.043655529312158395,0.04365552931215854
P0A858,0.20781576777808275,0.20781576777817848,0.20781576777817873
P0A867,0.0,0.0,0.0
P0A870,0.0,0.0,0.0
P0A877,0.0016623457088395656,0.0016623457088283692,0.0016623457088283749
P0A879,0.0018024347452587188,0.001802434745246579,0.001802434745246585
P0A884,0.1507110546162228,0.15071105461520776,0.15071105461520828
P0A887,0.0,0.0,0.0
P0A8F0,0.0,0.0,0.0
P0A8F4,0.0,0.0,0.0
P0A8G3,0.0,0.0,0.0
P0A8G6,0.0,0.0,0.0
P0A8K1,0.024929265385482936,0.024929265385315032,0.02492926538531512
P0A8N5,0.0,0.0,0.0
P0A8Q0,0.0,0.0,0.0
P0A8Q3,0.0,0.0,0.0
P0A8Y1,0.0,0.0,0.0
P0A8Y3,0.0,0.0,0.0
P0A8Y5,0.0,0.0,0.0
P0A8Y8,0.0,0.0,0.0
P0A921,0.0,0.0,0.0
P0A924,0.0,0.0,0.0
P0A935,0.0,0.0,0.0
P0A951,0.0,0.0,0.0
P0A953,1.4280106012968055e-07,1.4280106012871874e-07,1.4280106012871924e-07
P0A955,0.0,0.0,0.0
P0A959,0.0,0.0,0.0
P0A962,0.0,0.0,0.0
P0A991,1.0,1.0,1.0
P0A993,0.0,0.0,0.0
P0A996,0.0,0.0,0.0
P0A9B2,7.3905804215293e-08,7.390580421532983e-08,7.390580421532994e-08
P0A9B6,0.0011756659338547249,0.0011756659338468067,0.0011756659338468106
P0A9C0,0.0,0.0,0.0
P0A9C3,0.0,0.0,0.0
P0A9C5,7.664761086992364e-08,7.664761086940607e-08,7.664761086940383e-08
P0A9C9,0.0,0.0,0.0
P0A9D4,0.20213316319306204,0.2021331631916996,0.20213316319170202
P0A9D8,0.11194016274090293,0.11194016274014898,0.11194016274014935
P0A9G6,0.0,0.0,0.0
P0A9H3,0.0,0.0,0.0
P0A9H5,0.0,0.0,0.0
P0A9H7,0.0,0.0,0.0
P0A9I1,0.0,0.0,0.0
P0A9I8,0.0,0.0,0.0
P0A9J4,0.0,0.0,0.0
P0A9J6,0.0,0.0,0.0
P0A9J8,0.00010952569481590947,0.00010952569481517181,0.00010952569481517216
P0A9L8,0.004676764559622193,0.004676764559590695,0.0046767645595907105
P0A9M2,0.0,0.0,0.0
P0A9M5,0.0,0.0,0.0
P0A9M8,1.0,0.0,1.0
P0A9N4,0.0,0.0,0.0
P0A9N8,0.0,0.0,0.0
P0A9P0,0.6905125487410254,0.6904209271612884,0.6905125487361095
P0A9P4,0.0,0.0,0.0
P0A9P9,0.0,0.0,0.0
P0A9Q5,0.14485147414257826,0.14485147414160263,0.1448514741416031
P0A9Q7,0.0,0.0,0.7869082847204075
P0A9Q9,0.13515052739390487,0.1351505273929938,0.13515052739299308
P0A9S1,0.0,0.0,0.0
P0A9S3,0.0,0.0,0.0
P0A9S5,0.0,0.0,0.0
P0A9T0,0.00012252201804454542,0.00012252201804454542,0.00012252201804454542
P0A9U8,2.0895786323596217e-10,2.0895786323455477e-10,2.0895786323455542e-10
P0A9V1,0.004659995987607464,0.004659995987576078,0.004659995987576094
P0A9V8,0.0,0.0,0.0
P0A9X1,0.0,0.0,0.0
P0AA04,0.3694648475492865,0.3694648475492865,0.3694648475492865
P0AA25,0.0,0.0,0.0
P0AA84,0.0,0.0,0.0
P0AA89,0.0,0.0,0.0
P0AAB4,6.220593252453473e-05,6.220593252411578e-05,6.220593252411597e-05
P0AAF3,0.0,0.0,0.0
P0AAF6,0.0,0.0,0.0
P0AAG3,0.0,0.0,0.0
P0AAG8,0.0,0.0,0.0
P0AAH0,0.0,0.0,0.0
P0AAI1,0.0,0.0,0.0
P0AAI5,0.0,0.0,0.0
P0AAI9,0.002324467281395501,0.0023244672813798445,0.0023244672813798523
P0AAJ1,0.0,0.0,0.0
P0AAJ3,2.6925100703263666e-07,2.695722051737343e-07,2.678377354641998e-07
P0AAJ5,1.0,0.0,0.0
P0AAJ8,0.0,0.0,0.0
P0AAK1,0.0,0.0,0.0
P0AAK7,0.0,0.0,0.0
P0AAL3,0.0,0.0,0.0
P0AAM1,0.0,0.0,0.0
P0AAN3,0.0,0.0,0.0
P0AAX8,0.0,0.0,0.0
P0AB65,0.0,0.0,0.0
P0AB67,0.0,0.0,0.0
P0AB71,1.0,1.0,1.0
P0AB74,0.0,0.0,0.0
P0AB77,1.0,1.0,1.0
P0AB80,0.3041317804012011,0.3041317803991527,0.30413178039915373
P0AB87,0.0,0.0,0.0
P0AB89,0.6205971349575551,0.6205971349533526,0.620597134953312
P0AB91,0.0,0.0,0.0
P0AB96,0.0,0.0,0.0
P0AB98,4.20690182546531e-07,4.206853381320675e-07,4.2069018254059397e-07
P0ABA0,4.20690182546531e-07,4.206853381320675e-07,4.2069018254059397e-07
P0ABA4,4.20690182546531e-07,4.206853381320675e-07,4.2069018254059397e-07
P0ABA6,4.20690182546531e-07,4.206853381320675e-07,4.2069018254059397e-07
P0ABB0,4.20690182546531e-07,4.206853381320675e-07,4.2069018254059397e-07
P0ABB4,4.20690182546531e-07,4.206853381320675e-07,4.2069018254059397e-07
P0ABB8,0.0,0.0,0.0
P0ABC0,0.0,0.0,0.0
P0ABD3,0.0,0.0,0.0
P0ABD5,0.06193766055804633,0.06193766055762915,0.06193766055762936
P0ABD8,0.10286961581698434,0.10286961581629146,0.10286961581629181
P0ABE9,0.0,0.0,0.0
P0ABF6,0.0,0.0,0.0
P0ABF8,0.0,0.0,0.0
P0ABG1,2.2878988439559277e-09,2.287898843940518e-09,2.2878988439405264e-09
P0ABG4,2.9136258438393027e-11,2.913625843819679e-11,2.913625843819689e-11
P0ABH7,0.636737036614921,0.6364848021139065,0.6367370366011543
P0ABI8,0.04560600954850229,0.04560600954850229,0.04560600954850229
P0ABJ1,0.02214705775426115,0.02214705775426115,0.02214705775426115
P0ABJ3,1.0,1.0,1.0
P0ABJ6,0.6381741214678559,0.6381741214678559,0.6381741214678559
P0ABJ9,0.19675625654534176,0.19675625654534176,0.19675625654534176
P0ABK2,1.0,1.0,1.0
P0ABK5,0.0,0.0,0.0
P0ABK9,0.0,0.0,0.0
P0ABL1,0.0,0.0,0.0
P0ABL3,0.0,0.0,0.0
P0ABL5,0.0,0.0,0.0
P0ABL8,0.0,0.0,0.0
P0ABM1,0.0,0.0,0.0
P0ABM5,0.0,0.0,0.0
P0ABN1,0.0,0.0,0.0
P0ABP8,0.0001343113833070681,0.00013431138330616352,0.00013431138330616399
P0ABQ0,0.1745661945987859,0.1745661945972759,0.17456619459782005
P0ABQ2,0.0,0.0,0.0
P0ABQ4,0.24771969753913844,0.3759561810455531,0.3759561810455546
P0ABR5,0.0,0.0,0.0
P0ABR9,0.0,0.0,0.0
P0ABU0,0.0,0.0,0.0
P0ABW0,0.0,0.0,0.0
P0ABY4,0.01214912317775833,0.012544250588217004,0.2796903989357693
P0ABZ4,0.6028877838028802,0.6028877837988196,0.6028877837988215
P0AC00,0.0,0.0,0.0
P0AC13,9.009396558546749e-10,9.009396558485212e-10,9.009396558485212e-10
P0AC16,1.103407141692052e-09,1.1034071416845156e-09,1.1034071416845156e-09
P0AC19,0.0,0.0,0.0
P0AC28,0.0,0.0,0.0
P0AC33,0.0,0.0,0.0
P0AC35,0.0,0.0,0.0
P0AC38,0.0,0.0,0.0
P0AC41,1.643961647729564e-08,1.6432729746606394e-08,1.643961647692613e-08
P0AC44,1.643961647729564e-08,1.6432729746606394e-08,1.643961647692613e-08
P0AC47,0.0,0.0,0.0
P0AC53,0.012949065464308195,0.01294906546422079,0.012949065464220267
P0AC59,0.0,0.0,0.0
P0AC62,0.0,0.0,0.0
P0AC69,1.0844253519350322e-07,1.0844253519277228e-07,1.0844253519277356e-07
P0AC75,3.908812271310782e-10,3.9088122712844545e-10,3.908812271284468e-10
P0AC78,0.0,0.0,0.0
P0AC81,0.0,0.0,0.0
P0AC84,0.0,0.0,0.0
P0AC86,0.0,0.0,0.0
P0AC88,0.0,0.0,0.0
P0ACB2,0.15117017653528603,0.1511701765342679,0.1511701765342684
P0ACB4,0.34598985562813134,0.34598985562580103,0.34598985562580226
P0ACC7,0.06792632309930317,0.06792632309884568,0.0679263230988459
P0ACD4,0.38108478330747775,0.3810847833049109,0.38108478330491097
P0ACD8,0.0,0.0,0.0
P0ACE0,0.0,0.0,0.0
P0ACE7,0.0,0.0,0.0
P0ACV0,0.0,0.0,0.0
P0ACV2,0.0,0.0,0.0
P0AD57,0.14628953140403053,0.14628953140304526,0.14628953140304576
P0AD61,0.02430730922544739,0.02430951784102958,0.02430730922569967
P0AD65,7.553708812695298e-10,7.553708812644423e-10,7.553708812644448e-10
P0AD68,7.553708812695298e-10,7.553708812644423e-10,7.553708812644448e-10
P0AD70,0.0,0.0,0.0
P0ADA1,0.0,0.0,0.0
P0ADC1,0.02307505851513061,0.0230750585149752,0.023075058514975277
P0ADC6,0.0495218316177341,0.04952183161740057,0.04952183161740073
P0ADF6,0.0,0.0,0.0
P0ADF8,0.8255129412069542,0.7644344553721664,0.8255129412013978
P0ADG4,0.0,0.0,0.0
P0ADG7,0.9214317338745135,0.9214317338683075,0.9214317338683113
P0ADI4,0.0,0.0,0.0
P0ADP0,0.0,0.0,0.0
P0ADU2,0.7355050954994515,0.7353222066441552,0.735505095490322
P0ADV1,0.006385700203105169,0.006385700203062162,0.006385700203062183
P0ADV9,0.07381544680560077,0.07381544680510363,0.07381544680510387
P0AE08,0.0,0.0,0.0
P0AE12,0.0,0.0,0.0
P0AE22,0.0,0.0,0.0
P0AE26,0.0,0.0,0.0
P0AE30,0.0,0.0,0.0
P0AE34,0.0,0.0,0.0
P0AE37,0.0,0.0,0.0
P0AE52,0.0,0.0,0.0
P0AE76,0.0,0.0,0.0
P0AEA5,0.0,0.0,0.0
P0AEA8,0.03061493677291309,0.030614936772706894,0.030614936772706994
P0AEB0,0.0,0.0,0.0
P0AEB2,0.0,0.0,0.0
P0AED7,4.776397184154095e-10,4.776397184121925e-10,4.77639718412194e-10
P0AEE5,0.0,0.0,0.0
P0AEG6,0.0,0.0,0.0
P0AEI6,0.0,0.0,0.0
P0AEJ2,0.0,0.0,0.0
P0AEJ6,0.0,0.0,0.0
P0AEK2,1.936348565048117e-08,1.9363485650350754e-08,1.9363485650350817e-08
P0AEK4,6.715584025471175e-06,6.7155840254259454e-06,6.715584025425967e-06
P0AEK7,2.6925100703263666e-07,2.695722051737343e-07,2.678377354641998e-07
P0AEL0,6.070130085473829,1.0,0.0
P0AEL6,0.0,0.0,0.0
P0AEM9,0.0,0.0,0.0
P0AEN1,0.0,0.0,0.0
P0AEP3,0.0,0.0,0.0
P0AEP7,0.0,0.0,0.0
P0AEP9,0.008301162324128917,0.6195489634086974,0.008301162324128917
P0AEQ3,0.0,0.0,0.0
P0AEQ6,0.0,0.0,0.0
P0AER3,0.0,0.0,0.0
P0AER5,0.0,0.0,0.0
P0AES0,0.0,0.0,0.0
P0AES2,0.0,0.0,0.0
P0AET8,0.0,0.0,0.0
P0AEU0,0.0,0.0,0.0
P0AEU3,0.0,0.0,0.0
P0AEW4,0.0,0.0,0.0
P0AEW6,0.0,0.0,0.0
P0AEW9,0.0,0.0,0.0
P0AEX9,0.0,0.0,0.0
P0AEY3,0.0,0.0,0.0
P0AEZ1,0.08811852065630334,0.08811852065570984,0.08811852065571014
P0AEZ7,0.0,0.0,0.0
P0AF01,3.6053976567186315e-15,3.605397656694349e-15,3.605397656694361e-15
P0AF03,0.0,0.0,0.0
P0AF12,0.007663045211167454,0.007663045211115843,0.007663045211115868
P0AF16,2.9136258438393027e-11,2.913625843819679e-11,2.913625843819689e-11
P0AF18,0.0,0.0,0.0
P0AF24,0.0,0.0,0.0
P0AF26,0.0,0.0,0.0
P0AF32,0.0,0.0,0.0
P0AF98,0.03632166864887779,0.03632166864863316,0.03632166864863329
P0AFA9,0.0,0.0,0.0
P0AFC0,8.465665122859851e-12,8.465665122802028e-12,8.465665122802028e-12
P0AFC3,7.570389794354522e-09,7.571346155930065e-09,7.570389794244085e-09
P0AFC7,7.570389794354522e-09,7.571346155930065e-09,7.570389794244085e-09
P0AFD1,7.570389794354522e-09,7.571346155930065e-09,7.570389794244085e-09
P0AFD4,7.570389794354522e-09,7.571346155930065e-09,7.570389794244085e-09
P0AFD6,7.570389794354522e-09,7.571346155930065e-09,7.570389794244085e-09
P0AFE0,7.570389794354522e-09,7.571346155930065e-09,7.570389794244085e-09
P0AFE4,7.570389794354522e-09,7.571346155930065e-09,7.570389794244085e-09
P0AFE8,7.570389794354522e-09,7.571346155930065e-09,7.570389794244085e-09
P0AFF0,7.570389794354522e-09,7.571346155930065e-09,7.570389794244085e-09
P0AFG3,0.773921205936258,0.7735970037870796,0.7739212059188629
P0AFG6,0.4618989511461914,0.4617054577627355,0.4618989511358095
P0AFG8,1.0,1.0,1.0
P0AFI0,0.0,0.0,0.0
P0AFI5,0.0,0.0,0.0
P0AFI7,0.0,0.0,0.0
P0AFK4,0.0,0.0,0.0
P0AFK6,0.0,0.0,0.0
P0AFK9,0.0,0.0,0.0
P0AFL1,0.0,0.0,0.0
P0AFL6,0.0,0.0,0.0
P0AFM2,0.0,0.0,0.0
P0AFP4,0.0,0.0,0.0
P0AFQ5,0.0,0.0,0.0
P0AFR9,0.0,0.0,0.0
P0AFS1,0.0,0.0,0.0
P0AFS3,1.0,0.0,0.0
P0AFS9,0.0,0.0,0.0
P0AFT2,0.0,0.0,0.0
P0AFU8,0.38777762471257804,0.38777762471013055,0.38777762471017685
P0AFV4,0.0,0.0,0.0
P0AG00,0.0,0.0,0.0
P0AG07,4.299274063776297e-11,4.2992740637472946e-11,4.299274063747308e-11
P0AG16,1.0241721417898933e-09,1.0241721417829638e-09,1.0241721417829092e-09
P0AG18,4.213535218763377e-09,4.213535218734869e-09,4.213535218734644e-09
P0AG20,0.0,0.0,0.0
P0AG24,0.0,0.0,0.0
P0AG40,0.030159780518742487,0.030159780518564903,0.03015978051857201
P0AG78,0.0,0.0,0.0
P0AG80,0.0,0.0,0.0
P0AG82,0.0,0.0,0.0
P0AG84,0.0,0.0,0.0
P0AGB0,1.0,1.0,1.0
P0AGC3,0.0,0.0,0.0
P0AGC5,0.0,0.0,0.0
P0AGD1,0.0,0.0,0.0
P0AGD3,0.015852742165722734,0.01584880026255206,0.015852742165525957
P0AGE6,0.0,0.0,0.0
P0AGE9,0.42591210378170896,0.42572853323375554,0.4259121037719423
P0AGF6,0.0,0.0,0.0
P0AGG0,5.195970191223966e-10,5.19597019118897e-10,5.195970191188988e-10
P0AGG2,5.224040612877831e-10,5.224040612842644e-10,5.22404061284266e-10
P0AGG4,0.0,0.0,0.0
P0AGH8,0.0,0.0,0.0
P0AGI1,0.0,0.0,0.0
P0AGI4,0.0,0.0,0.0
P0AGK1,1.636732967112167e-08,1.6367329671011433e-08,1.636732967101149e-08
P0C066,0.0,0.0,0.0
P0C0T5,0.0,0.0,0.0
P0C7L2,0.0,0.0,0.0
P0C8J6,0.0,0.0,0.0
P0C8J8,0.0,0.0,0.0
P0C8K0,0.0,0.0,0.0
P0C960,0.0,0.0,0.0
P0CI31,0.0,0.0,0.0
P0DP69,0.0,0.0,0.0
P10346,0.0,0.0,0.0
P10371,0.5087945523692334,0.5087945523658067,0.5087945523658084
P10378,0.0,0.0,0.0
P10441,0.036280293482945904,0.036280293482701544,0.03628029348270167
P10902,1.2673926197781966,1.2673926197688457,1.2673926197683782
P10905,0.0,0.0,0.0
P10906,0.0,0.0,0.0
P10907,0.0,0.0,0.0
P10908,0.0,0.0,0.0
P11349,0.0,0.0,0.0
P11350,0.0,0.0,0.0
P11446,2.939420716972276e-08,2.9394207169524785e-08,2.939420716952488e-08
P11447,0.004450855038784864,0.004450855038754887,0.004450855038754902
P11454,0.0,0.0,0.0
P11458,0.4859415815721393,0.485941581568554,0.4859415815683747
P11553,0.0,0.0,0.0
P11868,0.0,0.0,0.0
P11880,0.12374450647712089,0.12374450647628747,0.12374450647628787
P11988,0.0,0.0,0.0
P12008,0.792072592580054,0.7920725925747193,0.7920725925747218
P12281,0.0,0.0,0.0
P12282,0.0,0.0,0.0
P12758,0.0,0.0,0.0
P12995,0.001600965054428753,0.0016009650544179705,0.0016009650544179753
P12996,7.996941340183354e-05,7.996941340129493e-05,7.996941340129519e-05
P12998,0.03770570411321495,0.03770570411296101,0.037705704112961126
P12999,1.6970568542269997e-15,1.69705685421557e-15,1.6970568542155754e-15
P13000,0.3153783883206131,0.31537838831848897,0.31537838831849
P13001,0.000275934632180725,0.0002759346321788666,0.0002759346321788674
P13009,1.0,1.0,1.0
P13016,0.0,0.0,0.0
P13029,0.07626039445482087,0.07624143147495696,0.07626039445387425
P13033,0.0,0.0,0.0
P13035,0.0,0.0,0.0
P13482,0.0,0.0,0.0
P14081,0.0,0.0,0.0
P14175,0.0,0.0,0.0
P14176,0.0,0.0,0.0
P14407,0.0,0.0,0.0
P14900,2.451284238147796e-09,2.4512842381312858e-09,2.451284238131294e-09
P15028,0.0,0.0,0.0
P15029,0.0,0.0,0.0
P15030,0.0,0.0,0.0
P15031,0.0,0.0,0.0
P15042,0.0,0.0,0.0
P15047,0.0,0.0,0.0
P15067,0.0,0.0,0.0
P15254,1.31530797081022e-06,1.315307970801321e-06,1.3153079708012504e-06
P15288,0.0,0.0,0.0
P15639,1.8520805300100205e-08,1.8520805299974993e-08,1.8520805299974185e-08
P15640,4.238361885924934e-09,4.238361885896257e-09,4.2383618858960304e-09
P15723,0.0,0.0,0.0
P15770,0.48236439900860734,0.48236439900535855,0.48236439900536004
P15877,0.0,0.0,0.0
P15977,0.0,0.0,0.0
P16095,0.0,0.0,0.0
P16429,0.0,0.0,0.0
P16430,0.0,0.0,0.0
P16431,0.0,0.0,0.0
P16432,0.0,0.0,0.0
P16433,0.0,0.0,0.0
P16456,0.0,0.0,0.0
P16676,0.0,0.0,0.0
P16677,0.0,0.0,0.0
P16679,0.0,0.0,0.0
P16682,0.0,0.0,0.0
P16685,0.0,0.0,0.0
P16686,0.0,0.0,0.0
P16687,0.0,0.0,0.0
P16688,0.0,0.0,0.0
P16689,0.0,0.0,0.0
P16690,3.947764371205702e-08,3.9477643711772684e-08,3.947764371177164e-08
P16691,0.0,0.0,0.0
P16692,0.0,0.0,0.0
P16700,0.0,0.0,0.0
P16701,0.0,0.0,0.0
P16703,0.6976411881901774,0.697641188185475,0.6976411881854834
P17109,0.0,0.0,0.0
P17115,0.15708583468440737,0.15708583468334936,0.15708583468334988
P17169,0.15074505824579953,0.15074505824478424,0.15074505824478474
P17334,0.0,0.0,0.0
P17411,0.0,0.0,0.0
P17443,2.913552421319739e-10,2.913552421300116e-10,2.913552421300126e-10
P17444,0.0,0.0,0.0
P17445,0.0,0.0,0.0
P17846,0.25300624420277046,0.25300624420106604,0.25300624420106743
P17854,1.0844253519350322e-07,1.0844253519277228e-07,1.0844253519277356e-07
P17952,4.079061496871111e-09,4.079061496843639e-09,4.079061496843652e-09
P17993,0.0,0.0,0.0
P18133,0.0,0.0,0.0
P18200,0.0,0.0,0.0
P18335,0.0,0.0,0.0
P18775,0.0,0.0,0.0
P18776,0.0,0.0,0.0
P18777,0.0,0.0,0.0
P18843,0.016600209452042526,0.016600209451920048,0.016600209451913924
P18956,0.0,0.0,0.0
P19317,0.0,0.0,0.0
P19318,0.0,0.0,0.0
P19319,0.0,0.0,0.0
P19624,0.10745017760013927,0.10745017759941557,0.10745017759941593
P19636,0.0,0.0,0.0
P19642,0.0,2.2053368974459033e-09,0.0
P19925,0.0,0.0,0.0
P19926,0.0,0.0,0.0
P20099,0.0,0.0,0.0
P20966,0.0,0.0,0.0
P21151,2.0733589253924455e-07,2.0733589253784652e-07,2.0756303465104398e-07
P21156,1.0000000000067297,0.9999999999999893,1.000000000000001
P21169,0.0,0.0,0.0
P21170,0.0,0.0,0.0
P21177,0.15795151030796173,0.15795151030689789,0.15795151030689847
P21179,0.0,0.0,0.0
P21369,0.0,0.0,0.0
P21437,0.0,0.0,0.0
P21514,0.0,0.0,0.0
P21515,0.0,0.0,0.0
P21517,0.0,0.0,0.0
P21599,0.03646490298506663,0.036464902984825166,0.036464902984824785
P21645,2.4833881740554636e-10,2.4833881740387375e-10,2.483388174038746e-10
P21829,0.0,0.0,0.0
P22106,1.0021331245042428e-08,1.0021331244961368e-08,1.0021331244961408e-08
P22188,3.1377847960667402e-09,3.137784796045607e-09,3.137784796045617e-09
P22255,3.18661683392817e-09,3.186616833906691e-09,3.186616833906729e-09
P22256,0.0,0.0,0.0
P22259,0.0,0.0,0.0
P22333,0.0,0.0,0.0
P22525,0.0,0.0,0.0
P22564,0.0,0.0,0.0
P22634,3.3545280738182614e-10,3.3545280737956686e-10,3.35452807379568e-10
P22939,1.6656186566966697e-10,1.6656186566854394e-10,1.6656186566854588e-10
P23200,0.0,0.0,0.0
P23256,0.0,0.0,0.0
P23331,0.0,0.0,0.0
P23522,0.0,0.0,0.0
P23524,0.0,0.0,0.0
P23538,0.0,0.0,0.0
P23721,0.0017051508963134728,0.001705150896307676,0.0017051508963076788
P23830,0.057882580125615826,0.057882580125225985,0.05788258012522618
P23845,0.5158920969710565,0.5158920969675792,0.5158920969675853
P23857,0.0,0.0,0.0
P23871,0.0,0.0,0.0
P23876,0.0,0.0,0.0
P23877,0.0,0.0,0.0
P23878,0.0,0.0,0.0
P23883,0.0,0.0,0.0
P23893,0.1354479484956476,0.13544794849473532,0.13544794849473576
P23908,0.004279686883175413,0.004279686883146588,0.004279686883146603
P23917,0.0,0.0,0.0
P23930,0.0,0.0,0.0
P24169,0.0,0.0,0.0
P24173,0.0,0.0,0.0
P24174,0.0,0.0,0.0
P24175,0.0,0.0,0.0
P24182,0.1416862952092196,0.14168629520826528,0.14168629520826576
P24183,2.6925100703263666e-07,2.695722051737343e-07,2.678377354641998e-07
P24186,6.360091422463296e-09,6.360091422420427e-09,6.360091422420482e-09
P24203,0.0,0.0,0.0
P24205,0.0,0.0,0.0
P24215,0.0,0.0,0.0
P24224,0.0,0.0,0.0
P24228,0.0,0.0,0.0
P24232,0.0,0.0,0.0
P24240,0.0,0.0,0.0
P24241,0.0,0.0,0.0
P25397,0.0,0.0,0.0
P25437,0.0,0.0,0.0
P25516,1.1061319351998619e-06,1.1056937564530833e-06,1.1061319351759467e-06
P25519,0.0,0.0,0.0
P25524,0.0,0.0,0.0
P25526,0.0,0.0,0.0
P25534,0.0,0.0,0.0
P25535,0.010819069387791227,0.010819069387718361,0.010819069387718398
P25536,0.0,0.0,0.0
P25539,0.011341662067640446,0.011341662067568863,0.011341662067570217
P25552,0.0,0.0,0.0
P25553,3.5212184660171606e-06,3.5212184659931095e-06,3.5212184659931095e-06
P25665,0.7438983352054409,0.7438983351986205,0.7438983351986238
P25718,0.0,0.0,0.0
P25740,0.0,0.0,0.0
P25741,0.0,0.0,0.0
P25742,0.0,0.0,0.0
P25889,0.0,0.0,0.0
P26281,1.870535127580868e-11,1.870535127568092e-11,1.870535127568092e-11
P26365,0.0,0.0,0.0
P26458,1.0811028078550661e-12,1.0811028078550661e-12,1.0811028078550661e-12
P26459,1.0,1.0,1.0
P26602,0.06206888380443446,0.06206888380401642,0.06206888380401662
P26612,0.0,0.0,0.0
P26616,0.0,0.0,0.0
P26646,0.0,0.0,0.0
P26647,0.08477730235163554,0.08477730235106455,0.08477730235106484
P27126,0.0,0.0,0.0
P27127,0.0,0.0,0.0
P27128,0.0,0.0,0.0
P27129,0.0,0.0,0.0
P27240,0.0,0.0,0.0
P27241,0.0,0.0,0.0
P27242,0.0,0.0,0.0
P27243,0.0,0.0,0.0
P27247,0.12470256951711907,0.12470256951598942,0.12470256951598999
P27248,0.0,0.0,0.0
P27250,0.0,0.0,0.0
P27253,0.0,0.0,0.0
P27254,0.0,0.0,0.0
P27278,0.0,0.0,0.0
P27300,1.1899782531472195e-09,1.1899782531392045e-09,1.1899782531392087e-09
P27302,0.07321346972710019,0.07321346972660668,0.073271239915192
P27306,0.10181593410150143,0.10744561871774698,0.10181593403406491
P27550,0.0,0.0,0.0
P27828,0.0,0.0,0.0
P27829,0.0,0.0,0.0
P27830,0.0,0.0,0.0
P27832,0.0,0.0,0.0
P27833,0.0,0.0,0.0
P27835,0.0,0.0,0.0
P27836,0.0,0.0,0.0
P27848,0.0,0.0,0.0
P28248,0.0,0.0,0.0
P28305,2.740045833739467e-13,2.7400458337207513e-13,2.7400458337207513e-13
P28306,0.0,0.0,0.0
P28629,0.0,0.0,0.0
P28635,0.0,0.0,0.0
P28861,0.03975942636639722,0.0,0.03975942636550484
P28903,0.20622778930008911,0.20622778929870014,0.20622778929870086
P28904,0.0,0.0,0.0
P29012,0.7570843000757771,0.7570843000706781,0.7570843000706805
P29208,0.0,0.0,0.0
P29680,1.0326301368646975e-10,1.0326301368577426e-10,1.032630136857746e-10
P30011,2.388467113779081e-09,2.3884671137614585e-09,2.3884671137605776e-09
P30125,0.09203984365792121,0.0920398436573013,0.09203984365730161
P30126,0.0001653227255965682,0.0001653227255954547,0.00016532272559545528
P30136,7.439598887375491e-13,7.439598887325384e-13,7.439598887325409e-13
P30137,1.6505206953252938e-10,1.6505206953141775e-10,1.6505206953141827e-10
P30138,2.727848997243317e-09,2.727848997224945e-09,2.7278489972249537e-09
P30139,1.259043489137187e-13,1.2590434891287072e-13,1.2590434891287115e-13
P30140,2.727848997243317e-09,2.727848997224945e-09,2.7278489972249537e-09
P30147,0.0,0.0,0.0
P30235,0.0,0.0,0.0
P30744,0.0,0.0,0.0
P30745,0.0,0.0,0.0
P30748,0.0,0.0,0.0
P30749,0.0,0.0,0.0
P30750,0.0,0.0,0.0
P30859,0.0,0.0,0.0
P30860,0.0,0.0,0.0
P30863,0.0,0.0,0.0
P31057,0.022330851810638947,0.022330851810447527,0.022330851810513655
P31119,2.946021895051163e-08,2.9460218950313207e-08,2.9460218950313303e-08
P31120,0.6018125562052553,0.601812556201202,0.6018125562012039
P31129,0.0,0.0,0.0
P31133,0.0,0.0,0.0
P31134,0.0,0.0,0.0
P31135,0.0,0.0,0.0
P31142,0.0,0.0,0.0
P31434,0.0,0.0,0.0
P31441,0.0,0.0,0.0
P31459,0.0,0.0,0.0
P31467,0.0,0.0,0.0
P31545,1.259043489137187e-15,1.259043489128707e-15,1.2590434891287114e-15
P31547,0.0,0.0,0.0
P31548,0.0,0.0,0.0
P31549,0.0,0.0,0.0
P31550,0.0,0.0,0.0
P31551,0.0,0.0,0.0
P31552,0.0,0.0,0.0
P31554,0.01416078972758105,0.014160789727485676,0.014160789727485723
P31572,0.0,0.0,0.0
P31658,0.0,0.0,0.0
P31660,0.0,0.0,0.0
P31663,0.034136976036206926,0.03413697603591165,0.034136976036018056
P31677,0.0,0.0,0.0
P31678,0.0,0.0,0.0
P31806,0.0,0.0,0.0
P31979,7.570389794354522e-09,7.571346155930065e-09,7.570389794244085e-09
P32055,0.0,0.0,0.0
P32056,0.0,0.0,0.0
P32099,0.0,0.0,0.0
P32125,0.0,0.0,0.0
P32131,0.0,0.0,0.0
P32138,0.0,0.0,0.0
P32140,0.0,0.0,0.0
P32141,0.0,0.0,0.0
P32143,0.0,0.0,0.0
P32166,0.0,0.0,0.0
P32169,0.0,0.0,0.0
P32170,0.0,0.0,0.0
P32171,0.0,0.0,0.0
P32173,0.0,0.0,0.0
P32176,0.3762711461783561,0.061987328258218816,1.0
P32662,0.0,0.0,0.0
P32664,0.0,0.0,0.0
P32669,9.220340831138949e-08,9.220340831143065e-08,9.220340831143078e-08
P32674,2.735381891072005e-07,2.731717062007542e-07,2.735381891080431e-07
P32675,2.735381891072005e-07,2.731717062007542e-07,2.735381891080431e-07
P32709,0.0,0.0,0.0
P32718,0.0,0.0,0.0
P32719,0.0,0.0,0.0
P32720,0.0,0.0,0.0
P32721,0.0,0.0,0.0
P33013,0.0,0.0,0.0
P33018,0.0,0.0,0.0
P33022,0.0,0.0,0.0
P33025,0.0,0.0,0.0
P33030,0.0,0.0,0.0
P33195,0.0,0.0,0.0
P33221,0.0359990513575917,0.03599905135734814,0.03599905135734622
P33225,0.0,0.0,0.0
P33226,0.0,0.0,0.0
P33232,0.0,0.0,0.0
P33359,0.0,0.0,0.0
P33360,0.0,0.0,0.0
P33361,0.0,0.0,0.0
P33362,0.0,0.0,0.0
P33363,0.0,0.0,0.0
P33570,0.0001473503364480121,0.0001473503364480121,0.0
P33590,0.0,0.0,0.0
P33591,0.0,0.0,0.0
P33593,0.0,0.0,0.0
P33594,0.0,0.0,0.0
P33599,7.570389794354522e-09,7.571346155930065e-09,7.570389794244085e-09
P33602,7.570389794354522e-09,7.571346155930065e-09,7.570389794244085e-09
P33607,7.570389794354522e-09,7.571346155930065e-09,7.570389794244085e-09
P33931,0.0,0.0,0.0
P33934,0.0,0.0,0.0
P33937,0.0,0.0,0.0
P33940,0.0,0.0,0.0
P35340,0.0,0.0,0.0
P36548,0.0,0.0,0.0
P36553,1.9255681966025494e-09,1.9255681965895805e-09,1.9255681965895867e-09
P36561,0.0,0.0,0.0
P36562,0.0,0.0,0.0
P36649,0.0,0.0,0.0
P36655,0.0,0.0,0.0
P36672,0.0,0.0,0.0
P36683,0.0,0.0,0.0
P36937,0.0,0.0,0.0
P36938,0.0,0.0,0.0
P37001,0.0,0.0,0.0
P37028,0.0,0.0,0.0
P37051,0.0,0.0,0.0
P37095,0.0,0.0,0.0
P37128,0.0,0.0,0.0
P37146,0.0,0.0,0.0
P37180,0.0,0.0,0.0
P37188,0.0,0.0,0.0
P37306,2.883313165128066e-10,2.883313165108646e-10,2.8833131651086565e-10
P37329,1.607809277062071e-07,1.6078092770512424e-07,1.6078092770512474e-07
P37330,0.0,0.0009701729920703111,1.2999075077701006e-05
P37339,0.0,0.0,0.0
P37349,1.1086077822043914e-08,1.1086077822048864e-08,1.1086077822048879e-08
P37351,0.0,0.0,0.0
P37353,0.0,0.0,0.0
P37355,0.0,0.0,0.0
P37387,0.0,0.0,0.0
P37388,0.0,0.0,0.0
P37595,0.0,0.0,0.0
P37596,0.0,0.0,0.0
P37610,0.0,0.0,0.0
P37617,0.0,0.0,0.0
P37623,0.0,0.0,0.0
P37646,0.0,0.0,0.0
P37647,0.0,0.0,0.0
P37661,0.0,0.0,0.0
P37666,0.0,0.0,0.0
P37672,0.0,0.0,0.0
P37677,0.0,0.0,0.0
P37678,0.0,0.0,0.0
P37679,0.0,0.0,0.0
P37680,0.0,0.0,0.0
P37685,0.0,0.0,0.0
P37686,2.020915413197936e-12,2.020915413197936e-12,2.020915413197936e-12
P37689,0.0,0.0,0.0
P37691,0.0,0.0,0.0
P37692,0.0,0.0,0.0
P37744,0.0,0.0,0.0
P37745,0.0,0.0,0.0
P37747,0.0,0.0,0.0
P37748,0.0,0.0,0.0
P37749,0.0,0.0,0.0
P37750,0.0,0.0,0.0
P37759,0.0,0.0,0.0
P37760,0.0,0.0,0.0
P37766,0.0,0.0,0.0
P37769,0.0,0.0,0.0
P37772,0.0,0.0,0.0
P37773,0.0,0.0,0.0
P37774,0.0,0.0,0.0
P37794,0.0,0.0,0.0
P37902,0.0,0.0,0.0
P37906,0.0,0.0,0.0
P38038,0.24860883921727622,0.24860883921560145,0.24860883921560278
P38051,0.0,0.0,0.0
P38135,0.0,0.0,0.0
P38489,0.0,0.0,0.0
P39160,0.0,0.0,0.0
P39172,0.0,0.0,0.0
P39176,0.0,0.0,0.0
P39208,0.0,0.0,0.0
P39265,0.0,0.0,0.0
P39280,0.0,0.0,0.0
P39286,0.0,0.0,0.0
P39300,0.0,0.0,0.0
P39301,0.0,0.0,0.0
P39304,0.0,0.0,0.0
P39305,0.0,0.0,0.0
P39306,0.0,0.0,0.0
P39325,0.0,0.0,0.0
P39328,0.0,0.0,0.0
P39346,0.0,0.0,0.0
P39358,0.0,0.0,0.0
P39359,0.0,0.0,0.0
P39400,0.0,0.0,0.0
P39411,0.0,0.0,0.0
P39451,0.0,0.0,0.0
P39452,0.0,0.0,0.0
P39829,0.0,0.0,0.0
P39831,0.0,0.0,0.0
P39832,0.0,0.0,0.0
P40191,0.0,0.0,0.0
P40874,0.0,0.0,0.0
P41052,0.0,0.0,0.0
P41409,0.0,0.0,0.0
P42588,0.0,0.0,0.0
P42604,0.0,0.0,0.0
P42630,0.0,0.0,0.0
P42632,0.0,0.0,0.0
P43337,0.0,0.0,0.0
P43341,1.008201723722277e-10,1.0082017237154866e-10,1.00820172371549e-10
P45395,0.0,0.0,0.0
P45425,0.0,0.0,0.0
P45541,0.0,0.0,0.0
P45543,0.0,0.0,0.0
P45563,0.0,0.0,0.0
P45568,9.22846723610494e-12,9.22846723604301e-12,9.228467236042869e-12
P45578,0.015352532720176358,0.015352532720072958,0.015352532720073008
P45799,0.0,0.0,0.0
P46022,0.0,0.0,0.0
P46859,0.0,0.0,0.0
P46883,0.0,0.0,0.0
P46891,0.0,0.0,0.0
P46923,0.0,0.0,0.0
P50457,2.0648047953272766e-09,2.0648047953133692e-09,2.0648047953133762e-09
P51020,0.0,0.0,0.0
P51025,0.0,0.0,0.0
P51981,0.0,0.0,0.0
P52005,0.0,0.0,0.0
P52006,2.5743782177895837e-12,2.5743782177722452e-12,2.574378217772254e-12
P52043,0.0,0.0,0.0
P52045,0.0,0.0,0.0
P52061,0.0,0.0,0.0
P52073,1.0,0.0,1.0
P52074,0.03668113324884,2.737659763009134,0.03668113324884
P52086,0.0,0.0,0.0
P52094,0.0,0.0,0.0
P52095,0.0,0.0,0.0
P52643,0.0,0.0,0.0
P52647,1.0,1.4284021236457562,1.0
P52697,0.0030445249808587296,0.0030445249808381796,0.0030445249808380564
P54745,0.0,0.0,0.0
P54746,0.0,0.0,0.0
P55734,0.0,0.0,0.0
P56100,2.902847049368113e-10,2.902847049368113e-10,2.902847049368113e-10
P56258,0.0,0.0,0.0
P56579,0.0,0.0,0.0
P56580,0.0,0.0,0.0
P60472,3.229370146672527e-12,3.229370146650747e-12,3.229370146650747e-12
P60546,0.6521749267241117,0.6521749267197192,0.652174926719722
P60560,0.0,0.0,0.0
P60595,0.06222036606065971,0.06222036606024066,0.06222036606024087
P60651,0.0,0.0,0.0
P60664,0.12446603617031735,0.12446603616947906,0.12446603616947947
P60716,0.0,0.0,0.0
P60720,0.0,0.0,0.0
P60752,0.28882907387891293,0.28882907387696766,0.28882907387696866
P60757,5.150592093688837e-09,5.150592093654148e-09,5.1505920936541656e-09
P60782,1.5213730307170818e-09,1.5213730307033001e-09,1.521373030703307e-09
P60932,0.0,0.0,0.0
P61517,4.529673013392474e-06,4.529673013361848e-06,4.529673013361643e-06
P61714,6.521554317817965e-05,6.521554317776803e-05,6.521554317777582e-05
P61887,0.0,0.0,0.0
P61889,0.06563667156629442,0.06561282182921847,0.06563667156487346
P61949,0.25130177447521923,0.25520023558196875,0.23866511740605284
P62601,0.0,0.0,0.0
P62615,4.675778615625641e-10,4.675778615594262e-10,4.675778615594191e-10
P62617,0.03831835833985122,0.038318358339594065,0.03831835833959349
P62620,2.5302253156132806e-09,2.5302253155963002e-09,2.530225315596262e-09
P62623,4.174833896917276e-10,4.174833896889218e-10,4.1748338968891324e-10
P62707,0.08406246301046019,0.0840624630105021,0.08406246301050221
P63224,0.0,0.0,0.0
P63228,0.0,0.0,0.0
P63883,0.0,0.0,0.0
P64461,0.0014394464231234575,0.0014394464231137628,0.0014394464231137676
P64636,0.0,0.0,0.0
P65870,0.0,0.0,0.0
P66899,0.0,0.0,0.0
P67910,0.0,0.0,0.0
P68066,0.0,0.0,0.0
P68183,0.0,0.0,0.0
P68187,0.0,0.0,0.0
P68688,0.0,0.0,0.0
P68699,4.20690182546531e-07,4.206853381320675e-07,4.2069018254059397e-07
P68767,0.0,0.0,0.0
P69054,1.643961647729564e-08,1.6432729746606394e-08,1.643961647692613e-08
P69330,0.0,0.0,0.0
P69432,0.0,0.0,0.0
P69441,0.045016593847970514,0.045016593847676985,0.045016593847676555
P69451,0.0,0.0,0.0
P69490,0.0,0.0,0.0
P69503,0.0,0.0,0.0
P69739,0.0,0.0,0.0
P69741,0.0,0.0,0.0
P69776,0.0,0.0,0.0
P69783,0.03679403227571269,0.03679403227563012,0.03679403227562985
P69786,0.11799116061952598,0.0,0.11799116061926034
P69791,0.0,0.0,0.0
P69795,0.0,0.0,0.0
P69797,0.0,0.0,0.0
P69801,0.0,0.0,0.0
P69805,0.0,0.0,0.0
P69811,0.0,0.0,0.0
P69820,0.0,0.0,0.0
P69822,0.0,0.0,0.0
P69824,0.0,0.0,0.0
P69826,0.0,0.0,0.0
P69828,0.0,0.0,0.0
P69831,0.0,0.0,0.0
P69874,0.0,0.0,0.0
P69902,0.0,0.0,0.0
P69908,0.0,0.0,0.0
P69910,0.0,0.0,0.0
P69922,0.0,0.0,0.0
P69924,0.0,0.0,0.0
P71241,0.0,0.0,0.0
P75682,0.0,0.0,0.0
P75691,0.0,0.0,0.0
P75713,0.0,0.0,0.0
P75726,0.0,0.0,0.0
P75728,0.0,0.0,0.0
P75792,0.0,0.0,0.0
P75796,0.0,0.0,0.0
P75797,0.0,0.0,0.0
P75798,0.0,0.0,0.0
P75799,0.0,0.0,0.0
P75804,0.0,0.0,0.0
P75806,4.5322252876171787e-10,4.5322252875866537e-10,4.5322252875866687e-10
P75809,0.45597802518066016,0.45597802517778213,0.45597802517783664
P75820,0.0,0.0,0.0
P75823,0.0,0.0,0.0
P75838,0.0,0.0,0.0
P75851,0.0,0.0,0.0
P75853,0.0,0.0,0.0
P75893,0.0,0.0,0.0
P75894,0.0,0.0,0.0
P75895,0.0,0.0,0.0
P75897,0.0,0.0,0.0
P75898,0.0,0.0,0.0
P75905,0.0,0.0,0.0
P75908,0.0,0.0,0.0
P75913,0.0,0.0,0.0
P75948,0.0,0.0,0.0
P75949,0.0,0.0,0.0
P75954,0.0,0.0,0.0
P75959,0.0,0.0,0.0
P76008,0.0,0.0,0.0
P76014,1.1086077822043914e-08,1.1086077822048864e-08,1.1086077822048879e-08
P76015,1.1086077822043914e-08,1.1086077822048864e-08,1.1086077822048879e-08
P76038,0.0,0.0,0.0
P76052,0.0,0.0,0.0
P76077,0.0,0.0,0.0
P76078,0.0,0.0,0.0
P76079,0.0,0.0,0.0
P76080,0.0,0.0,0.0
P76081,0.0,0.0,0.0
P76082,0.0,0.0,0.0
P76083,0.0,0.0,0.0
P76084,0.0,0.0,0.0
P76085,0.0,0.0,0.0
P76108,0.0,0.0,0.0
P76112,0.0,0.0,0.0
P76113,0.0,0.0,0.0
P76129,0.0,0.0,0.0
P76142,0.0,0.0,0.0
P76143,0.05859498842087102,0.05859498842047638,0.05859498842047658
P76145,0.0,0.0,0.0
P76149,0.0,0.0,0.0
P76173,0.0,0.0,0.0
P76190,0.0,0.0,0.0
P76193,0.0,0.0,0.0
P76194,0.0,0.0,0.0
P76215,0.0,0.0,0.0
P76216,0.0,0.0,0.0
P76217,0.0,0.0,0.0
P76234,0.0,0.0,0.0
P76245,0.0,0.0,0.0
P76251,0.0,0.0,0.0
P76270,0.0,0.0,0.0
P76290,0.0,0.0,0.0
P76316,0.0,0.0,0.0
P76372,0.0,0.0,0.0
P76373,0.0,0.0,0.0
P76422,7.61259363110943e-11,7.612593631058158e-11,7.612593631058183e-11
P76423,0.0,0.0,0.0
P76440,0.0,0.0,0.0
P76445,0.0,0.0,0.0
P76458,0.0,0.0,0.0
P76459,0.0,0.0,0.0
P76461,1.751571281451517e-11,1.75157128143972e-11,1.7515712814397255e-11
P76469,0.0,0.0,0.0
P76472,0.0,0.0,0.0
P76473,0.0,0.0,0.0
P76491,0.0,0.0,0.0
P76503,1.0,1.0,0.0
P76514,0.0,0.0,0.0
P76518,0.0,0.0,0.0
P76535,0.0,0.0,0.0
P76536,0.0,0.0,0.0
P76558,0.0,0.0,0.0
P76577,0.0,0.0,0.0
P76641,0.0,0.0,0.0
P76658,0.0,0.0,0.0
P77044,0.0,0.0,0.0
P77150,0.0,0.0,0.0
P77156,0.0,0.0,0.0
P77161,0.0,0.0,0.0
P77172,0.0,0.0,0.0
P77202,0.0,0.0,0.0
P77215,0.0,0.0,0.0
P77218,3.193862892791815e-09,6.098647520318103e-09,3.193862893422813e-09
P77231,0.0,0.0,0.0
P77243,0.0,0.0,0.0
P77247,0.0,0.0,0.0
P77252,0.0,0.0,0.0
P77256,0.0,0.0,0.0
P77257,0.0,0.0,0.0
P77272,0.0,0.0,0.0
P77302,0.0,0.0,0.0
P77319,0.0,0.0,0.0
P77334,0.0,0.0,0.0
P77357,0.0,0.0,0.0
P77364,0.0,0.0,0.0
P77366,0.0,0.0,0.0
P77374,0.0,0.0,0.0
P77397,0.0,0.0,0.0
P77398,0.0,0.0,0.0
P77399,0.24060062834724444,0.24060062834562396,0.2406006283456247
P77425,0.0,0.0,0.0
P77432,0.3121989789394368,0.3121989789373341,0.3121989789373352
P77433,0.0,0.0,0.0
P77434,0.0,0.0,0.0
P77444,0.0,0.0,0.0
P77454,0.0,0.0,0.0
P77455,0.0,0.0,0.0
P77467,0.0,0.0,0.0
P77475,0.0,0.0,0.0
P77488,0.25623583136320244,0.25623583136148187,0.2562358313614787
P77495,0.0,0.0,0.0
P77499,0.0,0.0,0.0
P77522,0.0,0.0,0.0
P77526,0.0,0.0,0.0
P77536,0.0,0.0,0.0
P77541,0.0,0.0,0.0
P77555,0.0,0.0,0.0
P77567,0.0,0.0,0.0
P77570,0.0,0.0,0.0
P77580,1.5489274279274977e-08,1.5489274279170114e-08,0.0
P77581,0.0,0.0,0.0
P77596,0.0,0.0,0.0
P77608,0.0,0.0,0.0
P77619,0.0,0.0,0.0
P77625,0.0,0.0,0.0
P77650,0.0,0.0,0.0
P77671,0.0,0.0,0.0
P77672,0.0,0.0,0.0
P77674,0.0,0.0,0.0
P77689,0.0,0.0,0.0
P77690,0.0,0.0,0.0
P77718,2.727848997243317e-09,2.727848997224945e-09,2.7278489972249537e-09
P77731,0.0,0.0,0.0
P77756,0.0,0.0,0.0
P77757,0.0,0.0,0.0
P77781,0.0,0.0,0.0
P77783,0.0,0.0,0.0
P77788,0.0,0.0,0.0
P77790,0.0,0.0,0.0
P77791,0.0,0.0,0.0
P77795,0.0,0.0,0.0
P78055,0.0,0.0,0.0
P78061,0.0,0.0,0.0
P80644,0.0,0.0,0.0
P80645,0.0,0.0,0.0
P80668,0.0,0.0,0.0
Q46799,0.0,0.0,0.0
Q46800,0.0,0.0,0.0
Q46801,0.0,0.0,0.0
Q46806,0.0,0.0,0.0
Q46810,0.0,0.0,0.0
Q46822,0.0,0.0,0.0
Q46829,0.0,0.0,0.0
Q46845,0.0,0.0,0.0
Q46851,0.0,0.0,0.0
Q46856,0.0,0.0,0.0
Q46857,0.0,0.0,0.0
Q46871,0.0,0.0,0.0
Q46877,0.0,0.0,0.0
Q46890,0.0,0.0,0.0
Q46893,0.04654613375161606,0.04654613375130369,0.04654613375130298
Q46915,0.0,0.0,0.0
Q46920,0.0,0.0,0.0
Q46925,0.0,0.0,0.0
Q46938,0.0,0.0,0.0
Q47140,0.0,0.0,0.0
Q47146,7.521318248672687e-09,7.52131824862203e-09,7.521318248622054e-09
Q47537,0.0,0.0,0.0
Q47538,0.0,0.0,0.0
Q47539,0.0,0.0,0.0
Q47690,0.0,0.0,0.0
Q59385,0.0,0.0,0.0
Q6BEX0,0.0,0.0,0.0
Q6BF16,0.0,0.0,0.0
Q6BF17,0.0,0.0,0.0
Q93K97,0.0,0.0,0.0
