,chemostat_0.2_1,chemostat_0.2_2,chemostat_0.2_3
O32583,1.113977343580281e-06,7.510407977051072e-07,1.1139773429476742e-06
P00350,0.0,0.0,0.0
P00363,0.0,0.0,0.0
P00370,1.809918064691119e-08,1.198648478644751e-08,1.8099180635883803e-08
P00393,0.0,0.0,0.0
P00448,3.4489389781240775e-08,2.0880798314097173e-08,3.416050020260262e-08
P00452,0.0,0.0,0.0
P00490,0.0,0.0,0.0
P00509,4.243808429563697e-07,2.7686608923894023e-07,4.2438084268330627e-07
P00547,7.729534450083104e-06,4.872555546616094e-06,7.72953444451952e-06
P00550,0.0,0.0,0.0
P00561,0.0,0.0,0.0
P00562,6.6730973190113145e-06,4.224500564977355e-06,6.673097314270203e-06
P00634,0.0,0.0,0.0
P00722,0.0,0.0,0.0
P00805,0.0,0.0,0.0
P00816,0.0,0.0,0.0
P00861,1.3144069158464545e-06,8.86169924617761e-07,1.3144069151000275e-06
P00864,5.300703537334728e-07,3.459447874107685e-07,5.300703610077229e-07
P00887,0.0,0.0,0.0
P00888,0.0,0.0,0.0
P00893,2.452961663764956e-07,1.6537807481551466e-07,0.0
P00894,2.452961663764956e-07,1.6537807481551466e-07,0.0
P00895,2.4692053645190595e-08,1.664732211434315e-08,2.469205363116844e-08
P00903,5.985534822122102e-08,4.035432922764749e-08,5.985534818722986e-08
P00904,7.991140510988781e-07,5.38760736789984e-07,7.991140506450763e-07
P00909,4.3455021290646275e-07,2.9297268963771694e-07,4.3455021265968986e-07
P00926,0.0,0.0,0.0
P00934,3.53626583010456e-05,2.2291965701245665e-05,3.536265827559217e-05
P00935,7.625052101007965e-08,5.1407914581804226e-08,7.62505209667784e-08
P00936,0.0,0.0,0.0
P00944,0.0,0.0,0.0
P00946,0.0,0.0,0.0
P00963,8.079511501196526e-07,8.079511501196526e-07,8.079511501196526e-07
P00968,0.0,0.0,0.0
P02916,0.0,0.0,0.0
P02918,9.59455739421813e-08,0.0,9.59455739421813e-08
P02919,2.2442523118477287e-07,2.1599321245678011e-07,2.244252310028403e-07
P02924,0.0,0.0,0.0
P02925,0.0,0.0,0.0
P03959,0.0,0.0,0.0
P03960,0.0,0.0,0.0
P03961,0.0,0.0,0.0
P04036,1.1703603459701688e-06,7.890540798745743e-07,1.1703603453055433e-06
P04079,6.100842704563687e-06,4.113173214800379e-06,6.10084270109913e-06
P04391,0.0,0.0,0.0
P04425,0.0,0.0,0.0
P04693,3.8660259007037365e-08,2.6064651971118754e-08,3.866025898508293e-08
P04805,9.721844091961036e-08,6.554443484931526e-08,9.721844086440183e-08
P04825,0.0,0.0,0.0
P04951,1.0651182056694136e-07,7.181000865468133e-08,1.0651182050645527e-07
P04968,2.8555397959353575e-11,1.9251979392374542e-11,2.8555397943137503e-11
P04982,0.0,0.0,0.0
P04983,0.0,0.0,0.0
P05020,7.996017853289782e-06,5.390895660138038e-06,7.996017848748995e-06
P05041,5.985534822122102e-08,4.035432922764749e-08,5.985534818722986e-08
P05042,0.0,0.0,5.435791042837403e-08
P05194,7.369800175246211e-08,4.968701234761926e-08,7.36980017106104e-08
P05459,9.548308481932069e-09,6.437446201515048e-09,9.548308476509766e-09
P05637,0.0,0.0,0.0
P05706,0.0,0.0,0.0
P05707,0.0,0.0,0.0
P05791,5.320383381229476e-07,3.586989449797206e-07,5.32038337820813e-07
P05793,2.687336999999673e-06,1.811796026026408e-06,2.687336998473585e-06
P05804,0.0,0.0,0.0
P05847,0.0,0.0,0.0
P06149,0.0,0.0,0.0
P06282,0.0,0.0,0.0
P06609,0.0,0.0,0.0
P06610,2.593217491492091e-06,2.593217491492091e-06,2.593217491492091e-06
P06611,0.0,0.0,0.0
P06715,3.9327723047559486e-07,3.9327723047559486e-07,3.9327723047559486e-07
P06720,0.0,0.0,0.0
P06721,0.0,0.0,0.0
P06959,2.6813428950060223e-06,1.8081718297811697e-06,2.6813430019826477e-06
P06960,5.215082534670328e-09,3.5159958768537636e-09,5.2150825317087815e-09
P06968,0.0,0.0,0.0
P06972,0.0,0.0,0.0
P06983,4.277657599626923e-07,2.883986280733177e-07,4.277657597197722e-07
P06986,1.8319740789687093e-09,1.2351124388416099e-09,1.8319740779283655e-09
P06987,8.33287944006056e-09,5.6180069172049125e-09,8.332879435328474e-09
P06988,3.916604628127978e-06,2.6405652513100374e-06,3.916604625903812e-06
P06989,1.147278724810929e-06,7.734925073994575e-07,1.1472787241594109e-06
P06999,1.466185286970396e-06,1.466185286970396e-06,1.466185286970396e-06
P07000,0.0,0.0,0.0
P07001,0.0,0.0,0.0
P07003,0.0,0.0,0.0
P07004,1.4917640383765652e-07,1.0057436624063492e-07,1.4917640375294203e-07
P07014,0.0,0.0,0.0
P07023,1.4091592153483206e-10,9.50051692961056e-11,1.4091592145480857e-10
P07024,0.0,0.0,0.0
P07102,0.0,0.0,0.0
P07109,0.0,0.0,0.0
P07623,2.512610277201074e-07,1.6939956972968272e-07,2.5126102757742094e-07
P07639,9.138433782019132e-10,6.161109682324817e-10,9.138433776829587e-10
P07650,0.0,0.0,0.0
P07654,0.0,0.0,0.0
P07762,0.0,0.0,0.0
P07821,0.0,0.0,0.0
P07822,0.0,0.0,0.0
P07862,1.067779750560476e-07,0.0,0.0
P07913,0.0,0.0,0.0
P08142,1.4764524855831556e-06,9.954206510001155e-07,1.7217486509819022e-06
P08178,6.708677034296107e-06,4.5229736317527365e-06,6.708677030486701e-06
P08179,0.0,0.0,0.0
P08192,3.7977156587453115e-09,2.5604105992263856e-09,3.797715656588634e-09
P08200,6.05760589442858e-07,4.084023063263425e-07,6.057605890988577e-07
P08201,0.0,0.0,0.0
P08202,0.0,0.0,0.0
P08203,0.0,0.0,0.0
P08204,0.0,0.0,0.0
P08244,4.7213697775277177e-07,3.183135944738948e-07,4.721369774846541e-07
P08331,0.0,0.0,0.0
P08337,0.0,0.0,0.0
P08373,8.301888614376744e-08,5.597112978403332e-08,8.301888609662258e-08
P08506,0.0,0.0,0.0
P08660,3.0496507675402906e-06,1.9467571329613503e-06,3.049650765429495e-06
P08722,0.0,0.0,0.0
P08839,1.0021579302705401e-05,1.0021579302705401e-05,1.0021579302705401e-05
P08997,8.338360312292652e-10,0.0,8.337505390094202e-10
P09029,4.549691716590116e-06,3.0673910163719865e-06,4.549691714006652e-06
P09053,1.8357433101064215e-06,1.2376536452464941e-06,1.8357433090639372e-06
P09099,0.0,0.0,0.0
P09126,5.347168247792128e-11,3.605047741256691e-11,5.347168244755572e-11
P09147,0.0,0.0,0.0
P09148,0.0,0.0,0.0
P09151,2.0775265161308607e-06,1.4006632907933893e-06,2.0775265149510726e-06
P09152,0.0,0.0,0.0
P09158,0.0,0.0,0.0
P09323,0.0,0.0,0.0
P09373,0.0,0.0,0.0
P09394,0.0,0.0,0.0
P09424,0.0,0.0,0.0
P09546,0.0,0.0,0.0
P09551,0.0,0.0,0.0
P09831,0.0,0.0,0.0
P09832,0.0,0.0,0.0
P09833,1.4723437067963713e-12,9.92650522401536e-13,1.472343705960255e-12
P0A6A3,1.3106088802892165e-06,9.517680836905708e-07,1.3106088804212943e-06
P0A6A6,6.781517900604995e-10,4.572082765482913e-10,6.781517896753898e-10
P0A6A8,1.309147010384732e-05,8.82623709233228e-06,1.3091470096412918e-05
P0A6B4,2.9171686995610812e-08,0.0,0.0
P0A6B7,3.9422077654787915e-06,2.6578268238281147e-06,3.9422077632400835e-06
P0A6C5,2.2732484701887058e-05,1.53261855303559e-05,2.273248468897771e-05
P0A6C8,3.931594798901026e-07,2.650671587744979e-07,3.931594796668347e-07
P0A6D3,2.284649568868036e-07,1.5403051458520275e-07,2.2846495675706262e-07
P0A6D5,0.0,0.0,0.0
P0A6D7,0.0,0.0,6.527511445397176e-07
P0A6E1,6.527511449104027e-07,4.4008322377617594e-07,0.0
P0A6E4,2.58038037652252e-05,1.7396861323386645e-05,2.5803803750571707e-05
P0A6E6,4.158509017058029e-07,4.158509017058029e-07,4.158509017058029e-07
P0A6F1,0.0,0.0,0.0
P0A6F3,0.0,0.0,0.0
P0A6G3,0.0,0.0,0.0
P0A6G5,0.0,0.0,0.0
P0A6H8,0.0,0.0,0.0
P0A6I0,9.954315255671362e-08,6.711174974348832e-08,9.954315250018492e-08
P0A6I3,3.544068911373942e-08,2.3894025831516945e-08,3.544068909361296e-08
P0A6I6,8.325347465698994e-09,5.61292887853717e-09,8.3253474609711e-09
P0A6I9,8.399818584578722e-07,5.663137124559236e-07,8.399818579808537e-07
P0A6J1,5.453966230400963e-08,3.677050679659422e-08,5.453966227303755e-08
P0A6J5,0.0,0.0,0.0
P0A6J8,0.0,7.198944935961407e-08,1.0677797499541039e-07
P0A6K1,1.7372086092953922e-07,1.1712217912009671e-07,1.7372086083088643e-07
P0A6K6,4.5963555463316493e-07,2.921992318352339e-07,4.596355543413317e-07
P0A6L0,0.0,0.0,0.0
P0A6L2,1.793245014369203e-07,1.2090013983085047e-07,1.793245013350853e-07
P0A6L4,0.0,0.0,0.0
P0A6L7,0.0,0.0,0.0
P0A6P9,8.522422354738078e-06,6.635325594625335e-06,8.522422354869217e-06
P0A6Q3,0.0,0.0,0.0
P0A6Q6,1.2411277671227901e-13,8.367653019566846e-14,1.241127766417977e-13
P0A6R0,1.8757188632420828e-11,1.2646050652989134e-11,1.8757188621768974e-11
P0A6S7,1.408986658319717e-07,9.49935355434897e-08,1.4089866575196634e-07
P0A6T1,2.763370187253838e-07,2.7018938306053024e-07,2.7633701871466873e-07
P0A6T3,0.0,0.0,0.0
P0A6T5,1.1458114550706014e-05,7.725032777327584e-06,1.1458114544199085e-05
P0A6T9,1.813496903429776e-08,0.0,1.813496898157146e-08
P0A6U8,0.0,0.0,0.0
P0A6V1,0.0,0.0,0.0
P0A6V5,0.0,0.0,0.0
P0A6V8,1.0149167147789479e-06,4.1573152279365495e-09,1.014916712965068e-06
P0A6W0,0.0,0.0,0.0
P0A6W3,3.125261680344253e-07,2.1070437733492347e-07,3.1252616785694755e-07
P0A6W9,0.0,0.0,0.0
P0A6X1,1.4259371989468274e-06,9.61363368425843e-07,1.4259371981370646e-06
P0A715,2.332612229350755e-08,1.5726414541230986e-08,2.3326122280261076e-08
P0A717,8.954397450957514e-06,8.954397450957514e-06,8.954397450957514e-06
P0A720,4.116902135482739e-08,2.7756053403827488e-08,4.116902133144828e-08
P0A722,2.2215154628653686e-07,1.4977402861554673e-07,2.221515461603812e-07
P0A725,7.068458290935264e-07,4.7655372741310325e-07,7.06845828692122e-07
P0A731,0.0,0.0,0.0
P0A738,0.0,0.0,0.0
P0A744,0.0,0.0,0.0
P0A746,0.0,0.0,0.0
P0A749,3.506894294775729e-07,2.3643395476526065e-07,3.5068942927842303e-07
P0A752,2.4828250390748305e-08,1.6739145626754262e-08,2.482825037665185e-08
P0A754,0.0,0.0,0.0
P0A759,0.0,0.0,0.0
P0A761,0.0,0.0,0.0
P0A763,0.0,0.0,0.0
P0A786,4.7552784328291435e-08,3.2059970771250346e-08,4.7552784301287104e-08
P0A790,6.215865752588254e-08,4.190721472173835e-08,6.215865749058319e-08
P0A794,9.548308481932069e-09,6.437446201515048e-09,9.548308476509766e-09
P0A796,2.3160815745325453e-06,2.3160815745325453e-06,2.3160815745325453e-06
P0A799,1.290418193182167e-06,1.0046873089708857e-06,1.290418193202023e-06
P0A7A7,8.356351179149755e-07,5.633831506233283e-07,8.35635117440434e-07
P0A7A9,0.0,0.0,0.0
P0A7B1,0.0,0.0,0.0
P0A7B3,2.1436243800804828e-10,1.445226308841515e-10,2.1436243788617167e-10
P0A7B5,7.464783240867414e-07,5.032738585057898e-07,7.464783236628304e-07
P0A7D4,6.102666261187409e-06,4.114402652211374e-06,6.102666257722265e-06
P0A7D7,3.467181858914143e-07,2.33756552062213e-07,3.4671818569453637e-07
P0A7E1,2.3051054568256772e-07,1.5540964554311755e-07,2.305105455516651e-07
P0A7E3,6.196788909674786e-06,4.177859911382398e-06,6.196788906155747e-06
P0A7E5,6.873283493552222e-07,4.6339509035793866e-07,6.873283489649017e-07
P0A7E9,5.1952266810153596e-08,3.50260910893242e-08,5.195226678065088e-08
P0A7F3,0.0,0.0,0.0
P0A7F6,0.0,0.0,0.0
P0A7I7,1.7824214986836912e-07,1.2017042105317272e-07,1.7824214976707801e-07
P0A7J0,4.490943740406125e-07,3.02778327465902e-07,4.49094373785402e-07
P0A7Z0,0.0,7.525535526460397e-10,1.1162211288176346e-09
P0A817,3.588821761923349e-08,2.4195748454215442e-08,3.588821759885325e-08
P0A825,7.382985910578054e-06,4.965248892576407e-06,7.382985906347188e-06
P0A836,7.03527654370026e-07,4.7431662213836474e-07,7.035276539705059e-07
P0A840,2.772853073213866e-07,1.8694507532194843e-07,2.772853071639232e-07
P0A853,7.744219974536875e-08,5.221134146756408e-08,7.744219970139077e-08
P0A858,9.636635346045639e-07,9.67432059344235e-07,9.636635346111318e-07
P0A867,0.0,3.481481586390755e-07,0.0
P0A870,5.163889393468199e-07,0.0,5.163889390535913e-07
P0A877,4.625972651466952e-09,3.118819435908364e-09,4.625972648839949e-09
P0A879,4.625972651466952e-09,3.118819435908364e-09,4.625972648839949e-09
P0A884,3.26775013140377e-08,2.203109138200879e-08,3.267750129548077e-08
P0A887,0.0,0.0,0.0
P0A8F0,0.0,0.0,0.0
P0A8F4,0.0,0.0,0.0
P0A8G3,0.0,0.0,0.0
P0A8G6,0.0,0.0,0.0
P0A8K1,2.2729443222390747e-08,1.5324134972325904e-08,2.2729443209483126e-08
P0A8N5,0.0,0.0,0.0
P0A8Q0,0.0,0.0,0.0
P0A8Q3,0.0,0.0,0.0
P0A8Y1,0.0,0.0,0.0
P0A8Y3,0.0,0.0,0.0
P0A8Y5,0.0,0.0,0.0
P0A8Y8,0.0,0.0,0.0
P0A921,0.0,0.0,0.0
P0A924,1.8508342256148788e-07,1.2478279035353977e-07,1.8508342245638248e-07
P0A935,0.0,0.0,0.0
P0A951,0.0,0.0,0.0
P0A953,5.831596462431319e-05,3.931648057546929e-05,5.831596459119666e-05
P0A955,7.090451317488445e-06,4.395678740301503e-06,7.09045131759277e-06
P0A959,0.0,0.0,0.0
P0A962,0.0,0.0,0.0
P0A991,0.0,0.0,0.0
P0A993,0.0,0.0,0.0
P0A996,0.0,0.0,0.0
P0A9B2,4.853807124175159e-05,3.7790527470987355e-05,4.853807124249846e-05
P0A9B6,6.68396030974016e-11,4.5063096765708635e-11,6.683960305944465e-11
P0A9C0,0.0,0.0,0.0
P0A9C3,0.0,0.0,0.0
P0A9C5,3.475827664375743e-05,2.152176957432246e-05,3.475827662068676e-05
P0A9C9,0.0,0.0,0.0
P0A9D4,7.417703836409708e-08,5.000997765836442e-08,7.417703832197331e-08
P0A9D8,5.14734406606579e-07,3.470326767163826e-07,5.14734406314271e-07
P0A9G6,0.0,0.0,0.0
P0A9H3,0.0,0.0,0.0
P0A9H5,0.0,0.0,0.0
P0A9H7,0.0,0.0,0.0
P0A9I1,0.0,0.0,0.0
P0A9I8,0.0,0.0,0.0
P0A9J4,0.0,0.0,0.0
P0A9J6,0.0,0.0,0.0
P0A9J8,1.179713254302153e-10,7.953597877733902e-11,1.1797132536322164e-10
P0A9L8,3.312783789486175e-09,2.233470720224697e-09,3.3127837876049076e-09
P0A9M2,0.0,0.0,0.0
P0A9M5,0.0,0.0,0.0
P0A9M8,0.0,0.0,3.719478723049431e-06
P0A9N4,0.0,0.0,0.0
P0A9N8,0.0,0.0,0.0
P0A9P0,2.69947786404032e-06,1.8081718297811697e-06,2.699477970964219e-06
P0A9P4,9.02981885859309e-06,1.5938135647290325e-06,9.029818845631952e-06
P0A9P9,0.0,0.0,0.0
P0A9Q5,1.5500159542735715e-07,1.0450169614866781e-07,1.5500159533933467e-07
P0A9Q7,0.0,0.0,6.880394931017439e-06
P0A9Q9,9.232179488761211e-07,5.89339981607842e-07,9.23217948237122e-07
P0A9S1,0.0,0.0,0.0
P0A9S3,0.0,0.0,0.0
P0A9S5,0.0,0.0,0.0
P0A9T0,2.5544732127910317e-09,2.5544732127910317e-09,2.5544732127910317e-09
P0A9U8,8.533255530018101e-08,5.753099986476026e-08,8.533255525172228e-08
P0A9V1,4.092274165632886e-09,2.759001223406327e-09,4.0922741633089606e-09
P0A9V8,0.0,0.0,0.0
P0A9X1,0.0,0.0,0.0
P0AA04,1.0021579302705401e-05,1.0021579302705401e-05,1.0021579302705401e-05
P0AA25,2.6550435447704602e-05,4.686300448402056e-06,2.6316604592077157e-05
P0AA84,0.0,0.0,0.0
P0AA89,0.0,0.0,0.0
P0AAB4,2.47550520795618e-11,1.668979550455794e-11,2.4755052065503874e-11
P0AAF3,0.0,0.0,0.0
P0AAF6,0.0,0.0,0.0
P0AAG3,0.0,0.0,0.0
P0AAG8,0.0,0.0,0.0
P0AAH0,0.0,0.0,0.0
P0AAI1,0.0,0.0,0.0
P0AAI5,0.0,0.0,0.0
P0AAI9,2.952823343622547e-09,1.9907862689100717e-09,2.9528233419456948e-09
P0AAJ1,0.0,0.0,0.0
P0AAJ3,0.00023053472523420045,0.00013966767825709052,0.0002194032029316584
P0AAJ5,0.0,3.481355702404212e-08,3.182646369005988e-08
P0AAJ8,0.0,0.0,0.0
P0AAK1,0.0,0.0,0.0
P0AAK7,0.0,0.0,0.0
P0AAL3,0.0,0.0,0.0
P0AAM1,0.0,0.0,0.0
P0AAN3,0.0,0.0,0.0
P0AAX8,0.0,0.0,0.0
P0AB65,0.0,0.0,0.0
P0AB67,0.0,0.0,0.0
P0AB71,1.651422992762104e-05,1.651422992762104e-05,1.651422992762104e-05
P0AB74,0.0,0.0,0.0
P0AB77,1.9389807579659368e-07,1.9389807579659368e-07,1.9389807579659368e-07
P0AB80,5.177554789903525e-07,3.49069476321069e-07,5.17755478696329e-07
P0AB87,0.0,0.0,0.0
P0AB89,8.157561611388528e-07,5.499808066342518e-07,8.157561606756478e-07
P0AB91,1.872675715802301e-07,1.2625533827455114e-07,1.8726757147388435e-07
P0AB96,0.0,0.0,0.0
P0AB98,4.158509017058029e-07,4.158509017058029e-07,4.158509017058029e-07
P0ABA0,4.158509017058029e-07,4.158509017058029e-07,4.158509017058029e-07
P0ABA4,4.158509017058029e-07,4.158509017058029e-07,4.158509017058029e-07
P0ABA6,4.158509017058029e-07,4.158509017058029e-07,4.158509017058029e-07
P0ABB0,4.158509017058029e-07,4.158509017058029e-07,4.158509017058029e-07
P0ABB4,4.158509017058029e-07,4.158509017058029e-07,4.158509017058029e-07
P0ABB8,0.0,0.0,0.0
P0ABC0,0.0,0.0,0.0
P0ABD3,0.0,0.0,0.0
P0ABD5,1.5500159542735715e-07,1.0450169614866781e-07,1.5500159533933467e-07
P0ABD8,1.5500159542735715e-07,1.0450169614866781e-07,1.5500159533933467e-07
P0ABE9,0.0,0.0,0.0
P0ABF6,0.0,0.0,0.0
P0ABF8,0.0,0.0,0.0
P0ABG1,9.343139884744452e-07,6.299122035602854e-07,9.34313987943866e-07
P0ABG4,1.1898434191141011e-08,8.021895200880504e-09,1.1898434184384113e-08
P0ABH7,7.957235091873204e-07,5.364748417342318e-07,7.957235087354437e-07
P0ABI8,1.1127984720284103e-07,1.1127984720284103e-07,1.1127984720284103e-07
P0ABJ1,1.1127984720284103e-07,1.1127984720284103e-07,1.1127984720284103e-07
P0ABJ3,1.1127984720284102e-07,1.1127984720284102e-07,1.1127984720284102e-07
P0ABJ6,1.1127984720284103e-07,1.1127984720284103e-07,1.1127984720284103e-07
P0ABJ9,4.0811661856384616e-07,4.0811661856384616e-07,4.0811661856384616e-07
P0ABK2,4.0811661856384616e-07,4.0811661856384616e-07,4.0811661856384616e-07
P0ABK5,0.0,0.0,6.181375353977054e-07
P0ABK9,0.0,0.0,0.0
P0ABL1,0.0,0.0,0.0
P0ABL3,0.0,0.0,0.0
P0ABL5,0.0,0.0,0.0
P0ABL8,0.0,0.0,0.0
P0ABM1,0.0,0.0,0.0
P0ABM5,0.0,0.0,0.0
P0ABN1,0.0,0.0,0.0
P0ABP8,3.361913687127933e-10,2.26659397693066e-10,3.361913685218766e-10
P0ABQ0,5.984525294427693e-08,4.0347523016697404e-08,5.984525291029132e-08
P0ABQ2,0.0,0.0,0.0
P0ABQ4,0.0,0.0,0.0
P0ABR5,0.0,0.0,0.0
P0ABR9,0.0,0.0,0.0
P0ABU0,0.0,0.0,0.0
P0ABW0,0.0,0.0,0.0
P0ABY4,2.3560348317481143e-07,5.1917730893922404e-08,5.073895802170356e-09
P0ABZ4,1.0080163151100317e-07,6.796021317335184e-08,1.008016314537598e-07
P0AC00,0.0,0.0,0.0
P0AC13,3.679185928434348e-07,2.480498145245589e-07,3.679185926344982e-07
P0AC16,4.5060065928568683e-07,3.0379386129045705e-07,4.5060065902979606e-07
P0AC19,0.0,0.0,0.0
P0AC28,0.0,0.0,0.0
P0AC33,5.4357910459240684e-08,3.66479701478305e-08,0.0
P0AC35,0.0,0.0,0.0
P0AC38,0.0,0.0,0.0
P0AC41,0.0,0.0,0.0
P0AC44,0.0,0.0,0.0
P0AC47,0.0,0.0,0.0
P0AC53,3.76227957405606e-07,2.6268212554465145e-07,3.762279572015893e-07
P0AC59,3.497615525694955e-06,3.497615525694955e-06,3.497615525694955e-06
P0AC62,1.5613618127546192e-05,1.5613618127546192e-05,1.5613618127546192e-05
P0AC69,7.508490631237173e-06,7.508490631237173e-06,7.508490631237173e-06
P0AC75,1.5962497612401358e-07,1.0761876809498877e-07,1.5962497603336557e-07
P0AC78,0.0,0.0,0.0
P0AC81,0.0,0.0,0.0
P0AC84,0.0,0.0,0.0
P0AC86,0.0,0.0,0.0
P0AC88,0.0,0.0,0.0
P0ACB2,4.3207768194233606e-08,2.9130571531516913e-08,4.320776816969673e-08
P0ACB4,4.578000290195635e-08,3.0864765873893705e-08,4.578000287595875e-08
P0ACC7,2.3804242552664693e-08,1.6048762049378918e-08,2.3804242539146705e-08
P0ACD4,2.737486925031363e-06,1.8456069827013391e-06,2.737486923476795e-06
P0ACD8,0.0,0.0,0.0
P0ACE0,0.0,0.0,0.0
P0ACE7,0.0,0.0,0.0
P0ACV0,0.0,0.0,0.0
P0ACV2,0.0,0.0,0.0
P0AD57,6.68396030974016e-09,4.506309676570864e-09,6.683960305944465e-09
P0AD61,0.0,0.0,0.0
P0AD65,3.0847237093581315e-07,2.079713172558996e-07,3.0847237076063747e-07
P0AD68,3.0847237093581315e-07,2.079713172558996e-07,3.0847237076063747e-07
P0AD70,0.0,0.0,0.0
P0ADA1,0.0,0.0,0.0
P0ADC1,4.092274165632886e-09,2.759001223406327e-09,4.0922741633089606e-09
P0ADC6,4.092274165632886e-09,2.759001223406327e-09,4.0922741633089606e-09
P0ADF6,1.0423019256187966e-06,6.461682353163309e-07,1.0423019256341325e-06
P0ADF8,1.4764524855831556e-06,9.954206510001155e-07,1.7217486509819022e-06
P0ADG4,0.0,0.0,0.0
P0ADG7,4.7033649779328374e-06,3.170997152933001e-06,4.7033649752618825e-06
P0ADI4,0.0,0.0,0.0
P0ADP0,1.4853031247738389e-08,1.001387730272996e-08,1.4853031239297737e-08
P0ADU2,1.326534093249249e-07,8.031191921225942e-08,1.3138843119180877e-07
P0ADV1,4.092274165632886e-09,2.759001223406327e-09,4.0922741633089606e-09
P0ADV9,4.092274165632886e-09,2.759001223406327e-09,4.0922741633089606e-09
P0AE08,3.4126935458601054e-06,3.4126935458601054e-06,3.4126935458601054e-06
P0AE12,0.0,0.0,0.0
P0AE22,0.0,0.0,0.0
P0AE26,0.0,0.0,0.0
P0AE30,0.0,0.0,0.0
P0AE34,0.0,0.0,0.0
P0AE37,0.0,0.0,0.0
P0AE52,0.0,0.0,0.0
P0AE76,0.0,0.0,0.0
P0AEA5,0.0,0.0,0.0
P0AEA8,1.055347716930728e-09,7.11512846960156e-10,1.0553477163314158e-09
P0AEB0,0.0,0.0,0.0
P0AEB2,0.0,0.0,0.0
P0AED7,1.9505472086121158e-07,1.315054152546093e-07,1.9505472075044367e-07
P0AEE5,0.0,0.0,0.0
P0AEG6,0.0,0.0,0.0
P0AEI6,0.0,0.0,0.0
P0AEJ2,0.0,0.0,0.0
P0AEJ6,0.0,0.0,0.0
P0AEK2,7.907506731192376e-06,5.331221678320635e-06,7.907506726701852e-06
P0AEK4,2.0149982937785012e-11,1.3585069163704889e-11,2.014998292634222e-11
P0AEK7,0.00023053472523420045,0.00013966767825709052,0.0002194032029316584
P0AEL0,0.0,0.0,0.0
P0AEL6,0.0,0.0,0.0
P0AEM9,0.0,0.0,0.0
P0AEN1,1.6470933305797543e-06,1.6470933305797543e-06,1.6470933305797543e-06
P0AEP3,0.0,0.0,0.0
P0AEP7,0.0,0.0,0.0
P0AEP9,8.533571795274811e-09,0.0,8.532696858274416e-09
P0AEQ3,0.0,0.0,0.0
P0AEQ6,0.0,0.0,0.0
P0AER3,0.0,0.0,0.0
P0AER5,0.0,0.0,0.0
P0AES0,0.0,0.0,0.0
P0AES2,0.0,0.0,0.0
P0AET8,0.0,0.0,0.0
P0AEU0,0.0,0.0,0.0
P0AEU3,0.0,0.0,0.0
P0AEW4,0.0,0.0,0.0
P0AEW6,0.0,0.0,0.0
P0AEW9,0.0,0.0,0.0
P0AEX9,0.0,0.0,0.0
P0AEY3,0.0,0.0,0.0
P0AEZ1,1.682380993005463e-07,1.13425714653206e-07,1.6823809920500703e-07
P0AEZ7,0.0,0.0,0.0
P0AF01,1.4723437067963713e-12,9.92650522401536e-13,1.472343705960255e-12
P0AF03,0.0,0.0,0.0
P0AF12,1.3701181293463557e-08,9.237302883623309e-09,1.3701181285682913e-08
P0AF16,1.1898434191141011e-08,8.021895200880504e-09,1.1898434184384113e-08
P0AF18,0.0,0.0,0.0
P0AF24,0.0,0.0,0.0
P0AF26,0.0,0.0,0.0
P0AF32,0.0,0.0,0.0
P0AF98,4.092274165632886e-09,2.759001223406327e-09,4.0922741633089606e-09
P0AFA9,0.0,0.0,0.0
P0AFC0,3.4571411961343942e-09,2.3307961303582984e-09,3.4571411941711245e-09
P0AFC3,1.423426879540229e-08,5.8086991540842524e-08,5.8086991540842524e-08
P0AFC7,1.423426879540229e-08,5.8086991540842524e-08,5.8086991540842524e-08
P0AFD1,1.423426879540229e-08,5.8086991540842524e-08,5.8086991540842524e-08
P0AFD4,1.423426879540229e-08,5.8086991540842524e-08,5.8086991540842524e-08
P0AFD6,1.423426879540229e-08,5.8086991540842524e-08,5.8086991540842524e-08
P0AFE0,1.423426879540229e-08,5.8086991540842524e-08,5.8086991540842524e-08
P0AFE4,1.423426879540229e-08,5.8086991540842524e-08,5.8086991540842524e-08
P0AFE8,1.423426879540229e-08,5.808699154084253e-08,5.808699154084253e-08
P0AFF0,1.423426879540229e-08,5.8086991540842524e-08,5.8086991540842524e-08
P0AFG3,0.0,0.0,0.0
P0AFG6,0.0,0.0,0.0
P0AFG8,2.6813428950060223e-06,1.8081718297811697e-06,2.6813430019826477e-06
P0AFI0,0.0,0.0,0.0
P0AFI5,0.0,0.0,0.0
P0AFI7,1.7589369236158316e-08,1.1858709675186483e-08,1.7589369226169644e-08
P0AFK4,0.0,0.0,0.0
P0AFK6,0.0,0.0,0.0
P0AFK9,0.0,0.0,0.0
P0AFL1,0.0,0.0,0.0
P0AFL6,0.0,0.0,0.0
P0AFM2,0.0,0.0,0.0
P0AFP4,0.0,0.0,0.0
P0AFQ5,0.0,0.0,0.0
P0AFR9,0.0,0.0,0.0
P0AFS1,0.0,0.0,0.0
P0AFS3,6.486589552231177e-08,4.3732427950786415e-08,6.486589548547565e-08
P0AFS9,0.0,0.0,0.0
P0AFT2,0.0,0.0,0.0
P0AFU8,2.0026375140726585e-07,1.3501733089547842e-07,2.0026375129346036e-07
P0AFV4,0.0,0.0,0.0
P0AG00,0.0,0.0,0.0
P0AG07,3.57780016983952e-08,2.412144115022631e-08,3.577800167807821e-08
P0AG16,4.1824329830318694e-07,2.81978607736196e-07,4.1824329806569473e-07
P0AG18,1.7206901022833753e-06,1.160085054215492e-06,1.7206901013063111e-06
P0AG20,0.0,0.0,0.0
P0AG24,0.0,0.0,0.0
P0AG40,3.931741358671375e-09,2.6507703979803174e-09,3.931741356435492e-09
P0AG78,0.0,0.0,0.0
P0AG80,0.0,0.0,0.0
P0AG82,0.0,0.0,0.0
P0AG84,0.0,0.0,0.0
P0AGB0,2.299100380427543e-07,2.299100380427543e-07,2.299100380427543e-07
P0AGC3,0.0,0.0,0.0
P0AGC5,0.0,0.0,0.0
P0AGD1,0.0,0.0,0.0
P0AGD3,0.0,0.0,0.0
P0AGE6,0.0,0.0,0.0
P0AGE9,7.03527654370026e-07,4.7431662213836474e-07,7.035276539705059e-07
P0AGF6,0.0,0.0,0.0
P0AGG0,2.1218891063220042e-07,1.4305724404878864e-07,2.1218891051170233e-07
P0AGG2,2.1333522825384106e-07,1.4383008858278377e-07,2.1333522813269203e-07
P0AGG4,0.0,0.0,2.33830817517723e-07
P0AGH8,0.0,0.0,0.0
P0AGI1,0.0,0.0,0.0
P0AGI4,0.0,0.0,0.0
P0AGK1,6.683960309740161e-06,4.506309676570864e-06,6.683960305944466e-06
P0C066,0.0,0.0,0.0
P0C0T5,0.0,0.0,0.0
P0C7L2,0.0,0.0,0.0
P0C8J6,0.0,0.0,0.0
P0C8J8,0.0,0.0,0.0
P0C8K0,0.0,0.0,0.0
P0C960,0.0,0.0,0.0
P0CI31,0.0,0.0,0.0
P0DP69,0.0,0.0,0.0
P10346,0.0,0.0,0.0
P10371,3.971396612276765e-07,2.6775058728766235e-07,3.971396610021483e-07
P10378,0.0,0.0,0.0
P10441,1.0622211244572095e-09,7.161468814864329e-10,1.0622211238539942e-09
P10902,2.4604572459300122e-08,1.658834251299972e-08,2.4604572445330663e-08
P10905,0.0,0.0,0.0
P10906,0.0,0.0,0.0
P10907,0.0,0.0,0.0
P10908,0.0,0.0,0.0
P11349,0.0,0.0,0.0
P11350,0.0,0.0,0.0
P11446,1.2003773248690379e-05,8.092914535579998e-06,1.2003773241873663e-05
P11447,6.051676271428298e-09,4.080025325954064e-09,6.051676267991664e-09
P11454,0.0,0.0,0.0
P11458,1.706932996866771e-07,1.1508100474253274e-07,1.706932995897645e-07
P11553,0.0,0.0,0.0
P11868,0.0,0.0,0.0
P11880,3.551749919476349e-08,2.394581100006303e-08,3.551749917459377e-08
P11988,0.0,0.0,0.0
P12008,4.874763479977266e-07,3.286553603378561e-07,4.874763477208979e-07
P12281,0.0,0.0,0.0
P12282,0.0,0.0,0.0
P12758,0.0,0.0,0.0
P12995,1.4986242290317683e-10,1.0103687861503687e-10,1.4986242281807276e-10
P12996,8.625225100216246e-12,5.815105645535674e-12,8.625225095318145e-12
P12998,1.998165638709024e-09,1.347158381533825e-09,1.9981656375743036e-09
P12999,6.930306216681959e-13,4.67239548390544e-13,6.930306212746369e-13
P13000,8.563505364961497e-08,5.7734943511345736e-08,8.563505360098444e-08
P13001,6.480572201748746e-12,4.3691859121156e-12,6.480572198068552e-12
P13009,5.814448228817804e-07,5.814448228817804e-07,5.814448228817804e-07
P13016,0.0,0.0,0.0
P13029,0.0,0.0,1.7857254588211757e-07
P13033,0.0,0.0,0.0
P13035,0.0,0.0,0.0
P13482,0.0,0.0,0.0
P14081,0.0,0.0,0.0
P14175,0.0,0.0,0.0
P14176,0.0,0.0,0.0
P14407,0.0,0.0,0.0
P14900,1.0010360202238586e-06,6.748960340110288e-07,1.0010360196553891e-06
P15028,0.0,0.0,0.0
P15029,0.0,0.0,0.0
P15030,0.0,0.0,0.0
P15031,0.0,0.0,0.0
P15042,0.0,0.0,0.0
P15047,0.0,0.0,0.0
P15067,0.0,0.0,0.0
P15254,0.0005371350396572239,0.0003621351286759311,0.0005371350393522211
P15288,0.0,0.0,0.0
P15639,7.56337961156349e-06,5.099212016788844e-06,7.563379607268691e-06
P15640,1.7308286197608939e-06,1.1669204178768303e-06,1.7308286187780729e-06
P15723,0.0,0.0,0.0
P15770,6.944173365580572e-08,4.681744681742117e-08,6.944173361637107e-08
P15877,1.8054121385289032e-07,8.522919020711357e-08,1.8054121404555503e-07
P15977,0.0,0.0,0.0
P16095,0.0,0.0,0.0
P16429,0.0,0.0,0.0
P16430,0.0,0.0,0.0
P16431,0.0,0.0,0.0
P16432,0.0,0.0,0.0
P16433,0.0,0.0,0.0
P16456,0.0,0.0,0.0
P16676,0.0,0.0,0.0
P16677,0.0,0.0,0.0
P16679,0.0,0.0,0.0
P16682,0.0,0.0,0.0
P16685,0.0,0.0,0.0
P16686,0.0,0.0,0.0
P16687,0.0,0.0,0.0
P16688,0.0,0.0,0.0
P16689,0.0,0.0,0.0
P16690,1.538047208447395e-05,9.777186727590402e-06,1.5380472074707706e-05
P16691,0.0,0.0,0.0
P16692,0.0,0.0,0.0
P16700,0.0,0.0,0.0
P16701,0.0,0.0,0.0
P16703,6.181375357487342e-07,4.1674681322344444e-07,0.0
P17109,0.0,0.0,0.0
P17115,9.14721902740218e-09,6.1670326732532625e-09,0.0
P17169,3.293117331039359e-07,2.220211642088997e-07,3.2931173291692594e-07
P17334,0.0,0.0,0.0
P17411,0.0,0.0,0.0
P17443,1.1898134354077503e-07,8.021693051466375e-08,1.1898134347320777e-07
P17444,0.0,0.0,0.0
P17445,0.0,0.0,0.0
P17846,3.744919853459163e-07,2.52288940480489e-07,3.7449198513291357e-07
P17854,4.428490264968836e-05,2.9856772944249865e-05,4.428490262453977e-05
P17952,1.6657747900184713e-06,1.123061285134988e-06,1.6657747890725091e-06
P17993,0.0,0.0,0.0
P18133,0.0,0.0,0.0
P18200,0.0,0.0,0.0
P18335,0.0,0.0,0.0
P18775,0.0,0.0,0.0
P18776,0.0,0.0,0.0
P18777,0.0,0.0,0.0
P18843,3.392678040227131e-08,2.2873352284708286e-08,3.3926780383009094e-08
P18956,0.0,0.0,0.0
P19317,0.0,0.0,0.0
P19318,0.0,0.0,0.0
P19319,0.0,0.0,0.0
P19624,9.548308481932069e-09,6.437446201515048e-09,9.548308476509766e-09
P19636,0.0,0.0,0.0
P19642,7.788142546745577e-06,7.788142546745577e-06,0.0
P19925,0.0,0.0,0.0
P19926,0.0,0.0,0.0
P20099,0.0,0.0,0.0
P20966,0.0,0.0,0.0
P21151,8.434350831763128e-05,5.672753290101018e-05,8.4343508269496e-05
P21156,6.39447098282322e-07,4.311136681116555e-07,6.394470979191917e-07
P21169,0.0,0.0,0.0
P21170,0.0,0.0,0.0
P21177,1.4313521725820916e-07,9.650141303933264e-08,1.4313521717692537e-07
P21179,1.2552817453535082e-07,8.217037141075958e-08,0.0
P21369,0.0,0.0,0.0
P21437,0.0,0.0,0.0
P21514,0.0,0.0,0.0
P21515,0.0,0.0,0.0
P21517,0.0,0.0,0.0
P21599,2.86976066123371e-07,8.825568540442934e-08,2.8697606492249316e-07
P21645,1.0141463710083181e-07,6.837350004120045e-08,1.0141463704324036e-07
P21829,0.0,0.0,0.0
P22106,2.268499084454109e-06,2.268499084454109e-06,2.268499084454109e-06
P22188,1.2813836746027323e-06,8.639057362216296e-07,1.2813836738750586e-06
P22255,1.3013253150210523e-06,8.773503413687963e-07,1.3013253142820536e-06
P22256,0.0,0.0,0.0
P22259,0.0,0.0,0.0
P22333,0.0,0.0,0.0
P22525,0.0,0.0,0.0
P22564,0.0,0.0,0.0
P22634,1.3698955757499446e-07,9.235802432725059e-08,1.3698955749720066e-07
P22939,6.801921398434372e-08,4.5858387537658525e-08,6.801921394571687e-08
P23200,0.0,0.0,0.0
P23256,2.0367129626423678e-07,1.3731468929547568e-07,2.0367129614857565e-07
P23331,0.0,0.0,0.0
P23522,0.0,0.0,0.0
P23524,0.0,0.0,0.0
P23538,0.0,0.0,0.0
P23721,1.9218700234195377e-08,1.7469555553970977e-08,1.9218700231146575e-08
P23830,2.5643305158765243e-08,1.728865355585806e-08,2.5643305144202894e-08
P23845,6.39447098282322e-07,4.311136681116555e-07,6.394470979191917e-07
P23857,0.0,0.0,0.0
P23871,0.0,0.0,0.0
P23876,0.0,0.0,0.0
P23877,0.0,0.0,0.0
P23878,0.0,0.0,0.0
P23883,0.0,0.0,0.0
P23893,2.2514392622282646e-07,1.51791483842387e-07,2.2514392609497147e-07
P23908,4.666119759138623e-09,3.145886517608946e-09,4.666119756488821e-09
P23917,0.0,0.0,0.0
P23930,0.0,0.0,0.0
P24169,0.0,0.0,0.0
P24173,0.0,0.0,0.0
P24174,0.0,0.0,0.0
P24175,0.0,0.0,0.0
P24182,1.5500159542735715e-07,1.0450169614866781e-07,1.5500159533933467e-07
P24183,0.00023053472523420045,0.00013966767825709052,0.0002194032029316584
P24186,2.0886584915727526e-06,1.7496642896882286e-06,2.0886584915727526e-06
P24203,0.0,0.0,0.0
P24205,0.0,0.0,0.0
P24215,0.0,0.0,0.0
P24224,0.0,0.0,0.0
P24228,0.0,0.0,0.0
P24232,0.0,0.0,0.0
P24240,0.0,0.0,0.0
P24241,0.0,0.0,0.0
P25397,0.0,0.0,0.0
P25437,0.0,0.0,0.0
P25516,0.0,0.0,0.0
P25519,0.0,0.0,0.0
P25524,0.0,0.0,0.0
P25526,0.0,0.0,0.0
P25534,0.0,0.0,0.0
P25535,2.1218891063220041e-10,1.4305724404878862e-10,2.1218891051170233e-10
P25536,0.0,0.0,0.0
P25539,1.0937199726193144e-09,7.373833277986714e-10,1.0937199719977773e-09
P25552,0.0,0.0,0.0
P25553,5.266415958932198e-11,3.550604745811827e-11,5.2664159559414635e-11
P25665,9.799308349783605e-06,3.100053069096502e-06,9.79930833810665e-06
P25718,0.0,0.0,0.0
P25740,0.0,0.0,0.0
P25741,0.0,0.0,0.0
P25742,0.0,0.0,0.0
P25889,0.0,0.0,0.0
P26281,7.638743033804009e-09,5.150021851551723e-09,7.638743029466057e-09
P26365,0.0,0.0,0.0
P26458,1.8163650950035903e-09,1.8163650950035903e-09,1.8163650950035903e-09
P26459,1.8163650950035901e-09,1.8163650950035901e-09,1.8163650950035901e-09
P26602,7.863482717341364e-09,5.301540795965721e-09,7.863482712875841e-09
P26612,0.0,0.0,0.0
P26616,0.0,0.0,0.0
P26646,0.0,0.0,0.0
P26647,5.274774166330311e-09,3.556239828776654e-09,5.274774163334867e-09
P27126,0.0,0.0,0.0
P27127,0.0,0.0,0.0
P27128,0.0,0.0,0.0
P27129,0.0,0.0,0.0
P27240,0.0,0.0,0.0
P27241,0.0,0.0,0.0
P27242,0.0,0.0,0.0
P27243,0.0,0.0,0.0
P27247,0.0,0.0,0.0
P27248,1.813496903429776e-08,0.0,1.813496898157146e-08
P27250,0.0,0.0,0.0
P27253,0.0,0.0,0.0
P27254,0.0,0.0,0.0
P27278,0.0,0.0,0.0
P27300,4.859538833340347e-07,3.2762891838902627e-07,4.859538830580707e-07
P27302,3.818575003433175e-07,2.5744739183454755e-07,3.818575001264749e-07
P27306,0.0,0.0,0.0
P27550,0.0,0.0,0.0
P27828,0.0,0.0,0.0
P27829,0.0,0.0,0.0
P27830,0.0,0.0,0.0
P27832,0.0,0.0,0.0
P27833,0.0,0.0,0.0
P27835,0.0,0.0,0.0
P27836,0.0,0.0,0.0
P27848,0.0,0.0,0.0
P28248,0.0,0.0,0.0
P28305,1.1189581909563025e-10,7.543988728114086e-11,1.1189581903208594e-10
P28306,0.0,0.0,0.0
P28629,0.0,0.0,0.0
P28635,0.0,0.0,0.0
P28861,0.0,0.0,0.0
P28903,1.014779161010345e-08,6.841616258821191e-09,1.0147791604340712e-08
P28904,0.0,0.0,0.0
P29012,6.060367314694195e-09,2.3753364757812235e-08,0.0
P29208,0.0,0.0,0.0
P29680,4.216973072658946e-08,2.8430729212245305e-08,4.2169730702642066e-08
P30011,9.753832610688786e-07,6.576010065942606e-07,9.753832605150963e-07
P30125,3.914126847921948e-07,2.6388947379614496e-07,3.914126845699189e-07
P30126,6.781517900604995e-10,4.572082765482913e-10,6.781517896753898e-10
P30136,3.0381244028670604e-10,2.0482960342112115e-10,3.038124401141767e-10
P30137,6.740265540947561e-08,4.544270525599504e-08,6.740265537119892e-08
P30138,1.113977343580281e-06,7.510407977051072e-07,1.1139773429476742e-06
P30139,5.141581967691257e-11,3.4664419745469874e-11,5.14158196477145e-11
P30140,1.113977343580281e-06,7.510407977051072e-07,1.1139773429476742e-06
P30147,0.0,0.0,0.0
P30235,0.0,0.0,0.0
P30744,0.0,0.0,0.0
P30745,0.0,0.0,0.0
P30748,0.0,0.0,0.0
P30749,0.0,0.0,0.0
P30750,0.0,0.0,0.0
P30859,0.0,0.0,0.0
P30860,0.0,0.0,0.0
P30863,0.0,0.0,0.0
P31057,5.16003401050242e-08,3.478882296638329e-08,5.1600340075720816e-08
P31119,1.2030730616302184e-05,8.111089126824494e-06,1.2030730609470159e-05
P31120,7.169819912941544e-07,4.833875031525283e-07,7.169819908869938e-07
P31129,0.0,0.0,0.0
P31133,0.0,0.0,0.0
P31134,0.0,0.0,0.0
P31135,0.0,0.0,0.0
P31142,0.0,0.0,0.0
P31434,0.0,0.0,0.0
P31441,0.0,0.0,0.0
P31459,0.0,0.0,0.0
P31467,0.0,0.0,0.0
P31545,0.0,0.0,0.0
P31547,0.0,0.0,0.0
P31548,0.0,0.0,0.0
P31549,0.0,0.0,0.0
P31550,0.0,0.0,0.0
P31551,0.0,0.0,0.0
P31552,0.0,0.0,0.0
P31554,4.092274165632886e-09,2.759001223406327e-09,4.0922741633089606e-09
P31572,0.0,0.0,0.0
P31658,0.0,0.0,0.0
P31660,0.0,0.0,0.0
P31663,2.885901307993531e-08,1.9456675963355812e-08,2.8859013063546527e-08
P31677,0.0,0.0,0.0
P31678,0.0,0.0,0.0
P31806,0.0,0.0,0.0
P31979,1.423426879540229e-08,5.8086991540842524e-08,5.8086991540842524e-08
P32055,0.0,0.0,0.0
P32056,0.0,0.0,0.0
P32099,0.0,0.0,0.0
P32125,0.0,0.0,0.0
P32131,0.0,0.0,0.0
P32138,0.0,0.0,0.0
P32140,0.0,0.0,0.0
P32141,0.0,0.0,0.0
P32143,0.0,0.0,0.0
P32166,0.0,0.0,0.0
P32169,0.0,0.0,0.0
P32170,0.0,0.0,0.0
P32171,0.0,0.0,0.0
P32173,0.0,0.0,0.0
P32176,0.0,3.481355702404213e-08,0.0
P32662,0.0,0.0,0.0
P32664,0.0,0.0,0.0
P32669,1.8575594042642385e-05,1.8575594042642385e-05,1.8401444164594826e-05
P32674,0.0003747555738363114,0.0002723095788378706,0.0003747555732291317
P32675,0.0003747555738363114,0.0002723095788378706,0.0003747555732291317
P32709,0.0,0.0,0.0
P32718,0.0,0.0,0.0
P32719,0.0,0.0,0.0
P32720,0.0,0.0,0.0
P32721,0.0,0.0,0.0
P33013,0.0,0.0,0.0
P33018,0.0,0.0,0.0
P33022,0.0,0.0,0.0
P33025,0.0,0.0,0.0
P33030,0.0,0.0,0.0
P33195,1.813496903429776e-08,0.0,1.813496898157146e-08
P33221,4.196355411880353e-08,2.8291725448055003e-08,4.196355409497525e-08
P33225,0.0,0.0,0.0
P33226,0.0,0.0,0.0
P33232,0.0,0.0,0.0
P33359,0.0,0.0,0.0
P33360,0.0,0.0,0.0
P33361,0.0,0.0,0.0
P33362,0.0,0.0,0.0
P33363,0.0,0.0,0.0
P33570,0.0,0.0,0.0
P33590,0.0,0.0,0.0
P33591,0.0,0.0,0.0
P33593,0.0,0.0,0.0
P33594,0.0,0.0,0.0
P33599,1.423426879540229e-08,5.8086991540842524e-08,5.8086991540842524e-08
P33602,1.423426879540229e-08,5.8086991540842524e-08,5.8086991540842524e-08
P33607,1.423426879540229e-08,0.0,0.0
P33931,0.0,0.0,0.0
P33934,0.0,0.0,0.0
P33937,0.0,0.0,0.0
P33940,0.0,0.0,0.0
P35340,3.4126935458601054e-06,3.4126935458601054e-06,3.4126935458601054e-06
P36548,0.0,0.0,0.0
P36553,7.863482717341366e-07,5.301540795965722e-07,7.863482712875842e-07
P36561,0.0,0.0,0.0
P36562,0.0,0.0,0.0
P36649,0.0,0.0,0.0
P36655,0.0,0.0,0.0
P36672,0.0,0.0,0.0
P36683,2.455572956706541e-05,1.655541275463164e-05,2.455572955312066e-05
P36937,0.0,0.0,0.0
P36938,0.0,0.0,0.0
P37001,0.0,0.0,0.0
P37028,0.0,0.0,0.0
P37051,0.0,0.0,0.0
P37095,0.0,0.0,0.0
P37128,0.0,0.0,0.0
P37146,0.0,0.0,0.0
P37180,0.0,0.0,0.0
P37188,0.0,0.0,0.0
P37306,1.1774645677401171e-07,7.938437287986964e-08,1.1774645670714571e-07
P37329,1.4723437067963713e-12,9.92650522401536e-13,1.472343705960255e-12
P37330,0.0,0.0,0.0
P37339,0.0,0.0,0.0
P37349,2.233436755959824e-06,2.233436755959824e-06,2.233436755959824e-06
P37351,1.1162211294514932e-09,0.0,0.0
P37353,0.0,0.0,0.0
P37355,0.0,0.0,0.0
P37387,0.0,0.0,0.0
P37388,0.0,0.0,0.0
P37595,0.0,0.0,0.0
P37596,0.0,0.0,0.0
P37610,0.0,0.0,0.0
P37617,0.0,0.0,0.0
P37623,0.0,0.0,0.0
P37646,0.0,0.0,0.0
P37647,0.0,0.0,0.0
P37661,0.0,0.0,0.0
P37666,0.0,0.0,0.0
P37672,0.0,0.0,0.0
P37677,0.0,0.0,0.0
P37678,0.0,0.0,0.0
P37679,0.0,0.0,0.0
P37680,0.0,0.0,0.0
P37685,0.0,0.0,0.0
P37686,1.8213171069356393e-09,1.8213171069356393e-09,1.8213171069356393e-09
P37689,0.0,0.0,0.0
P37691,0.0,0.0,0.0
P37692,0.0,0.0,0.0
P37744,0.0,0.0,0.0
P37745,0.0,0.0,0.0
P37747,0.0,0.0,0.0
P37748,0.0,0.0,0.0
P37749,0.0,0.0,0.0
P37750,0.0,0.0,0.0
P37759,0.0,0.0,0.0
P37760,0.0,0.0,0.0
P37766,0.0,0.0,0.0
P37769,0.0,0.0,0.0
P37772,0.0,0.0,0.0
P37773,0.0,0.0,0.0
P37774,0.0,0.0,0.0
P37794,0.0,0.0,0.0
P37902,0.0,0.0,0.0
P37906,0.0,0.0,0.0
P38038,3.744919853459163e-07,2.52288940480489e-07,3.7449198513291357e-07
P38051,0.0,0.0,0.0
P38135,0.0,0.0,0.0
P38489,0.0,0.0,0.0
P39160,0.0,0.0,0.0
P39172,0.0,0.0,0.0
P39176,0.0,0.0,0.0
P39208,7.335507843135527e-05,3.4630317269374556e-05,7.33574906367443e-05
P39265,0.0,0.0,0.0
P39280,0.0,0.0,0.0
P39286,0.0,0.0,0.0
P39300,0.0,0.0,0.0
P39301,0.0,0.0,0.0
P39304,0.0,0.0,0.0
P39305,0.0,0.0,0.0
P39306,0.0,0.0,0.0
P39325,0.0,0.0,0.0
P39328,0.0,0.0,0.0
P39346,0.0,0.0,0.0
P39358,0.0,0.0,0.0
P39359,0.0,0.0,0.0
P39400,0.0,0.0,0.0
P39411,0.0,0.0,0.0
P39451,0.0,0.0,0.0
P39452,0.0,0.0,0.0
P39829,0.0,0.0,0.0
P39831,0.0,0.0,0.0
P39832,0.0,0.0,0.0
P40191,0.0,0.0,0.0
P40874,0.0,0.0,0.0
P41052,0.0,0.0,0.0
P41409,0.0,0.0,0.0
P42588,0.0,0.0,0.0
P42604,0.0,0.0,0.0
P42630,0.0,0.0,0.0
P42632,0.0,0.0,0.0
P43337,0.0,0.0,0.0
P43341,4.1172142560683816e-08,2.7758157713174282e-08,4.1172142537302934e-08
P45395,0.0,0.0,9.147219022207643e-09
P45425,0.0,0.0,0.0
P45541,0.0,0.0,0.0
P45543,0.0,0.0,0.0
P45563,0.0,0.0,0.0
P45568,3.768648274659951e-09,2.5408134400415816e-09,3.7686482725198185e-09
P45578,6.713836546062322e-08,4.526452161953651e-08,6.713836542249661e-08
P45799,0.0,0.0,0.0
P46022,0.0,0.0,0.0
P46859,2.4121271055247583e-09,0.0,0.0
P46883,0.0,0.0,0.0
P46891,0.0,0.0,0.0
P46923,0.0,0.0,0.0
P50457,8.432086098735536e-07,5.684891803597166e-07,8.432086093947112e-07
P51020,0.0,0.0,0.0
P51025,0.0,0.0,0.0
P51981,0.0,0.0,0.0
P52005,0.0,0.0,0.0
P52006,1.0513041635817419e-09,7.087866931920505e-10,1.0513041629847261e-09
P52043,0.0,0.0,0.0
P52045,0.0,0.0,0.0
P52061,0.0,0.0,0.0
P52073,8.533571795274811e-09,0.0,8.532696858274416e-09
P52074,8.533571795274811e-09,0.0,8.532696858274416e-09
P52086,0.0,0.0,0.0
P52094,0.0,0.0,0.0
P52095,0.0,0.0,0.0
P52643,0.0,0.0,0.0
P52647,6.935526508576362e-08,4.675914991919871e-08,6.935526504637807e-08
P52697,3.899895621476016e-07,2.722904694047425e-07,3.899895619361224e-07
P54745,0.0,0.0,0.0
P54746,0.0,0.0,0.0
P55734,0.0,0.0,0.0
P56100,4.0811661856384616e-07,4.0811661856384616e-07,4.0811661856384616e-07
P56258,0.0,0.0,0.0
P56579,0.0,0.0,0.0
P56580,0.0,0.0,0.0
P60472,1.3187845738760298e-09,8.891213309435355e-10,1.3187845731271132e-09
P60546,1.6200327732397281e-07,1.0922221294123623e-07,1.6200327723197413e-07
P60560,0.0,0.0,0.0
P60595,4.115327794518352e-08,2.7745439235589987e-08,4.115327792181335e-08
P60651,0.0,0.0,0.0
P60664,4.115327794518352e-08,2.7745439235589987e-08,4.115327792181335e-08
P60716,0.0,0.0,0.0
P60720,0.0,0.0,0.0
P60752,3.3334702861130876e-08,2.2474175056040722e-08,3.333470284220072e-08
P60757,2.1033579586668396e-06,1.4180787861083503e-06,2.1033579574723817e-06
P60782,0.0,0.0,0.0
P60932,0.0,0.0,0.0
P61517,7.161036327949199e-12,4.827953160028093e-12,7.161036323882877e-12
P61714,2.7829221455229896e-10,1.8762392971172502e-10,2.782922143941516e-10
P61887,0.0,0.0,0.0
P61889,3.576149230283798e-06,2.638110894421905e-06,3.5054980204269907e-06
P61949,8.771729250133439e-07,6.98313399110051e-07,1.1077025117540627e-06
P62601,0.0,0.0,0.0
P62615,1.9094573954305884e-07,1.2873515010987847e-07,1.9094573943462502e-07
P62617,5.304019678750951e-08,3.575957081649242e-08,5.3040196757389154e-08
P62620,1.0332733514922883e-06,6.966303638259535e-07,1.0332733509055144e-06
P62623,1.7048855633419115e-07,1.1494296727552368e-07,1.704885562373738e-07
P62707,1.0617526514135132e-06,8.266516548747031e-07,1.061752651429851e-06
P63224,0.0,0.0,0.0
P63228,0.0,0.0,0.0
P63883,0.0,0.0,0.0
P64461,2.983927353805476e-12,2.0117565164238446e-12,2.98392735211096e-12
P64636,0.0,0.0,0.0
P65870,0.0,0.0,0.0
P66899,0.0,0.0,0.0
P67910,0.0,0.0,0.0
P68066,0.0,0.0,0.0
P68183,0.0,0.0,0.0
P68187,0.0,0.0,0.0
P68688,1.445617760985211e-07,1.445617760985211e-07,1.445617760985211e-07
P68699,4.158509017058029e-07,4.158509017058029e-07,4.158509017058029e-07
P68767,0.0,0.0,0.0
P69054,0.0,0.0,0.0
P69330,0.0,0.0,0.0
P69432,0.0,0.0,0.0
P69441,1.1394900725840188e-07,7.88672950903534e-08,1.1394900719725503e-07
P69451,0.0,0.0,0.0
P69490,0.0,0.0,0.0
P69503,0.0,0.0,0.0
P69739,0.0,0.0,0.0
P69741,0.0,0.0,0.0
P69776,0.0,0.0,0.0
P69783,7.788142546745577e-06,7.788142546745577e-06,7.788142546745577e-06
P69786,0.0,0.0,7.788142546745577e-06
P69791,0.0,0.0,0.0
P69795,0.0,0.0,0.0
P69797,0.0,0.0,0.0
P69801,0.0,0.0,0.0
P69805,0.0,0.0,0.0
P69811,0.0,0.0,0.0
P69820,0.0,0.0,0.0
P69822,0.0,0.0,0.0
P69824,0.0,0.0,0.0
P69826,0.0,0.0,0.0
P69828,0.0,0.0,0.0
P69831,0.0,0.0,0.0
P69874,0.0,0.0,0.0
P69902,0.0,0.0,0.0
P69908,0.0,0.0,0.0
P69910,0.0,0.0,0.0
P69922,0.0,0.0,0.0
P69924,0.0,0.0,0.0
P71241,0.0,0.0,0.0
P75682,0.0,0.0,0.0
P75691,0.0,0.0,0.0
P75713,0.0,0.0,0.0
P75726,0.0,0.0,0.0
P75728,0.0,0.0,0.0
P75792,0.0,0.0,0.0
P75796,0.0,0.0,0.0
P75797,0.0,0.0,0.0
P75798,0.0,0.0,0.0
P75799,0.0,0.0,0.0
P75804,0.0,0.0,0.0
P75806,0.0,0.0,0.0
P75809,0.0,0.0,0.0
P75820,0.0,0.0,0.0
P75823,0.0,0.0,0.0
P75838,0.0,0.0,0.0
P75851,0.0,0.0,0.0
P75853,0.0,0.0,0.0
P75893,0.0,0.0,0.0
P75894,0.0,0.0,0.0
P75895,0.0,0.0,0.0
P75897,0.0,0.0,0.0
P75898,0.0,0.0,0.0
P75905,0.0,0.0,0.0
P75908,0.0,0.0,0.0
P75913,0.0,0.0,0.0
P75948,0.0,0.0,0.0
P75949,0.0,0.0,0.0
P75954,0.0,0.0,0.0
P75959,0.0,0.0,0.0
P76008,0.0,0.0,0.0
P76014,2.233436755959824e-06,2.233436755959824e-06,2.233436755959824e-06
P76015,2.233436755959824e-06,2.233436755959824e-06,2.233436755959824e-06
P76038,0.0,0.0,0.0
P76052,0.0,0.0,0.0
P76077,0.0,0.0,0.0
P76078,0.0,0.0,0.0
P76079,0.0,0.0,0.0
P76080,0.0,0.0,0.0
P76081,0.0,0.0,0.0
P76082,0.0,0.0,0.0
P76083,0.0,0.0,0.0
P76084,0.0,0.0,0.0
P76085,0.0,0.0,0.0
P76108,0.0,0.0,0.0
P76112,0.0,0.0,0.0
P76113,0.0,0.0,0.0
P76129,0.0,0.0,0.0
P76142,0.0,0.0,0.0
P76143,5.134860990646594e-09,3.4619107082783585e-09,5.1348609877306025e-09
P76145,0.0,0.0,0.0
P76149,0.0,0.0,0.0
P76173,0.0,0.0,0.0
P76190,0.0,0.0,0.0
P76193,0.0,0.0,0.0
P76194,0.0,0.0,0.0
P76215,0.0,0.0,0.0
P76216,0.0,0.0,0.0
P76217,0.0,0.0,0.0
P76234,0.0,0.0,0.0
P76245,0.0,0.0,0.0
P76251,0.0,0.0,0.0
P76270,0.0,0.0,0.0
P76290,0.0,0.0,0.0
P76316,0.0,0.0,0.0
P76372,0.0,0.0,0.0
P76373,0.0,0.0,0.0
P76422,3.1087706245871164e-08,2.0959255439326176e-08,3.1087706228217046e-08
P76423,0.0,0.0,0.0
P76440,0.0,0.0,0.0
P76445,0.0,0.0,0.0
P76458,0.0,0.0,0.0
P76459,0.0,0.0,0.0
P76461,7.1529279119727815e-09,4.8224864858286165e-09,7.1529279079107705e-09
P76469,0.0,0.0,0.0
P76472,0.0,0.0,0.0
P76473,0.0,0.0,0.0
P76491,0.0,0.0,0.0
P76503,4.1943794561601134e-07,4.1943794561601134e-07,4.1943794561601134e-07
P76514,0.0,0.0,0.0
P76518,0.0,0.0,0.0
P76535,0.0,0.0,0.0
P76536,5.141581967691257e-13,3.4664419745469874e-13,5.14158196477145e-13
P76558,0.0,0.0,0.0
P76577,0.0,0.0,0.0
P76641,0.0,0.0,0.0
P76658,0.0,0.0,0.0
P77044,0.0,0.0,0.0
P77150,0.0,0.0,0.0
P77156,0.0,0.0,0.0
P77161,0.0,0.0,0.0
P77172,0.0,0.0,0.0
P77202,0.0,0.0,0.0
P77215,0.0,0.0,0.0
P77218,3.931826640867649e-05,2.8553042510717124e-05,3.55987876895894e-05
P77231,0.0,0.0,0.0
P77243,0.0,0.0,0.0
P77247,0.0,0.0,0.0
P77252,0.0,0.0,0.0
P77256,0.0,0.0,0.0
P77257,0.0,0.0,0.0
P77272,0.0,0.0,0.0
P77302,0.0,0.0,0.0
P77319,0.0,0.0,0.0
P77334,0.0,0.0,0.0
P77357,0.0,0.0,0.0
P77364,0.0,0.0,0.0
P77366,0.0,0.0,0.0
P77374,0.0,0.0,0.0
P77397,0.0,0.0,0.0
P77398,0.0,0.0,0.0
P77399,3.5415753070373616e-08,2.3877214012103133e-08,3.5415753050261686e-08
P77425,0.0,0.0,0.0
P77432,3.5336490662775453e-09,2.38237754909576e-09,3.5336490642708527e-09
P77433,0.0,0.0,0.0
P77434,0.0,0.0,0.0
P77444,0.0,0.0,0.0
P77454,0.0,0.0,0.0
P77455,0.0,0.0,0.0
P77467,0.0,0.0,0.0
P77475,0.0,0.0,0.0
P77488,6.536495461168025e-08,4.406889236699882e-08,6.536495457456095e-08
P77495,0.0,0.0,0.0
P77499,0.0,0.0,0.0
P77522,0.0,0.0,0.0
P77526,0.0,0.0,0.0
P77536,0.0,0.0,0.0
P77541,0.0,0.0,0.0
P77555,0.0,0.0,0.0
P77567,0.0,0.0,0.0
P77570,0.0,0.0,0.0
P77580,6.880394936322468e-06,4.227227531626728e-06,0.0
P77581,0.0,0.0,0.0
P77596,0.0,0.0,0.0
P77608,0.0,0.0,0.0
P77619,0.0,0.0,0.0
P77625,0.0,0.0,0.0
P77650,0.0,0.0,0.0
P77671,0.0,0.0,0.0
P77672,0.0,0.0,0.0
P77674,0.0,0.0,0.0
P77689,0.0,0.0,0.0
P77690,0.0,0.0,0.0
P77718,1.113977343580281e-06,7.510407977051072e-07,1.1139773429476742e-06
P77731,0.0,0.0,0.0
P77756,0.0,0.0,0.0
P77757,0.0,0.0,0.0
P77781,0.0,0.0,0.0
P77783,0.0,0.0,0.0
P77788,0.0,0.0,0.0
P77790,0.0,0.0,0.0
P77791,0.0,0.0,0.0
P77795,0.0,0.0,0.0
P78055,0.0,0.0,1.7414987804756084e-07
P78061,0.0,0.0,0.0
P80644,0.0,0.0,0.0
P80645,0.0,0.0,0.0
P80668,0.0,0.0,0.0
Q46799,0.0,0.0,0.0
Q46800,0.0,0.0,0.0
Q46801,0.0,0.0,0.0
Q46806,0.0,0.0,0.0
Q46810,0.0,0.0,0.0
Q46822,0.0,0.0,0.0
Q46829,0.0,0.0,0.0
Q46845,0.0,0.0,0.0
Q46851,0.0,0.0,0.0
Q46856,0.0,0.0,0.0
Q46857,0.0,0.0,0.0
Q46871,0.0,0.0,0.0
Q46877,0.0,0.0,0.0
Q46890,0.0,0.0,0.0
Q46893,2.6471120762584323e-09,1.7846764809222424e-09,2.647112074755196e-09
Q46915,0.0,0.0,0.0
Q46920,0.0,0.0,0.0
Q46925,0.0,0.0,0.0
Q46938,0.0,0.0,0.0
Q47140,0.0,0.0,0.0
Q47146,3.071496307656849e-06,2.0707952907164728e-06,3.071496305912605e-06
Q47537,0.0,0.0,0.0
Q47538,0.0,0.0,0.0
Q47539,0.0,0.0,0.0
Q47690,0.0,0.0,0.0
Q59385,0.0,0.0,0.0
Q6BEX0,0.0,0.0,0.0
Q6BF16,0.0,0.0,0.0
Q6BF17,0.0,0.0,0.0
Q93K97,0.0,0.0,0.0
