,chemostatµ012,chemostatµ012.1,chemostatµ012.2
O32583,6.536704323708174e-10,6.536704323708296e-10,6.536704323708297e-10
P00350,0.0,0.0,0.0
P00363,0.0,0.0,0.0
P00370,0.0010233166020228945,0.0010233166020229344,0.0010233166020229437
P00393,0.0,0.0,0.0
P00448,0.00021387978506999533,0.00022543148737213265,0.0002197908969021706
P00452,0.0,0.0,0.0
P00490,0.0,0.0,0.0
P00509,0.0,0.0,0.019086794429793157
P00547,4.240915113781247e-09,4.240915113781437e-09,4.240915113781489e-09
P00550,0.0,0.0,0.0
P00561,0.8975346753006359,0.8975346753006735,0.8975346753006836
P00562,0.0,0.0,0.0
P00634,0.0,0.0,0.0
P00722,0.0,0.0,0.0
P00805,0.0,0.0,0.0
P00816,0.0,0.0,0.0
P00861,1.0146225604197827,1.0146225604198014,1.0146225604198016
P00864,0.045626696785192336,0.04562669678519372,0.04562669678519413
P00887,0.41850264521006353,0.4185026452100714,0.0
P00888,0.0,0.0,0.0
P00893,0.762769337501597,0.0,0.7627693375016161
P00894,0.30047536961241744,0.0,0.30047536961242494
P00895,0.004500679430849936,0.0045006794308500185,0.00450067943085002
P00903,3.5122501886545006e-11,3.512250188655076e-11,3.512250188655076e-11
P00904,0.18520835177788703,0.18520835177789047,0.1852083517778905
P00909,0.20429198620113334,0.20429198620113714,0.2042919862011372
P00926,0.0,0.0,0.0
P00934,1.9402207600067522e-08,1.940220760006839e-08,1.9402207600068627e-08
P00935,0.014679260808845502,0.014679260808845773,0.014679260808845775
P00936,0.0,0.0,0.0
P00944,0.0,0.0,0.0
P00946,0.0,0.0,0.0
P00963,1.0,1.0,1.0
P00968,0.0,0.0,0.0
P02916,0.0,0.0,0.0
P02918,1.0,1.0,1.0
P02919,0.13803890439477706,0.1380389043947844,0.13803890439478447
P02924,0.0,0.0,0.0
P02925,0.0,0.0,0.0
P03959,0.0,0.0,0.0
P03960,0.0,0.0,0.0
P03961,0.0,0.0,0.0
P04036,0.20217345968187986,0.2021734596818836,0.20217345968188366
P04079,1.0,1.0,1.0
P04391,0.0012461932381357286,0.001246193238135752,0.0012461932381357523
P04425,0.0,0.0,0.0
P04693,0.10579940214247238,0.10579940214247797,0.009103083260157145
P04805,0.017440198040080776,0.017440198040081102,0.017440198040081106
P04825,0.0,0.0,0.0
P04951,0.0806891611936788,0.08068916119368032,0.08068916119368033
P04968,6.807448627289695e-05,6.807448627289821e-05,6.807448627289822e-05
P04982,0.0,0.0,0.0
P04983,0.0,0.0,0.0
P05020,0.9999999999999812,0.9999999999999997,0.9999999999999998
P05041,1.2892826239145567,1.289282623914768,1.289282623914768
P05042,0.0,0.0,0.0
P05194,0.04131414910846257,0.041314149108463344,0.04131414910846336
P05459,0.0039531886574441805,0.003953188657444253,0.003953188657444254
P05637,0.0,0.0,0.0
P05706,0.0,0.0,0.0
P05707,0.0,0.0,0.0
P05791,0.27113221759930406,0.27113221759930983,0.27113221759931044
P05793,0.05819060608057038,0.05819060608057176,0.05819060608057202
P05804,0.0,0.0,0.0
P05847,0.0,0.0,0.0
P06149,0.0,0.0,0.0
P06282,0.0,0.0,0.0
P06609,0.0,0.0,0.0
P06610,0.0,0.0,0.0
P06611,0.0,0.0,0.0
P06715,0.008215352650800747,0.008215352650801,0.008215352650801084
P06720,0.0,0.0,0.0
P06721,0.0,0.0,0.0
P06959,0.06888826617262316,0.06888826617262836,0.06888826617263084
P06960,0.0,0.0,0.0
P06968,0.0,0.0,0.0
P06972,0.0,0.0,0.0
P06983,0.5102763227333481,0.5102763227333575,0.5102763227333577
P06986,0.0003485335500712082,0.0003485335500712147,0.00034853355007121475
P06987,0.0012587984263029385,0.001258798426302962,0.001258798426302962
P06988,0.528633243691525,0.5286332436915349,0.5286332436915349
P06989,0.42127743202027323,0.4212774320202811,0.4212774320202811
P06999,1.0,1.0,1.0
P07000,0.0,0.0,0.0
P07001,0.0,0.0,0.0
P07003,0.0,0.0,0.0
P07004,0.028578777650381824,0.028578777650382355,0.028578777650382362
P07014,0.0,0.0,0.0
P07023,4.0388281490308907e-05,4.038828149030965e-05,4.0388281490309666e-05
P07024,0.0,0.0,0.0
P07102,0.0,0.0,0.0
P07109,0.0,0.0,0.0
P07623,0.07430905440768376,0.07430905440768514,0.07430905440768515
P07639,0.0007553194013584386,0.0007553194013584529,0.000755319401358453
P07650,0.0,0.0,0.0
P07654,0.0,0.0,0.0
P07762,0.0,0.0,0.0
P07821,0.0,0.0,0.0
P07822,0.0,0.0,0.0
P07862,0.0,0.0,0.0
P07913,0.0,0.0,0.0
P08142,0.0324315875981132,0.22763927807277107,0.03243158759811382
P08178,3.936582591123394e-09,3.936582591123944e-09,3.936582591124158e-09
P08179,0.0,0.0,0.0
P08192,0.004802329417809743,0.0048023294178105285,0.0048023294178105285
P08200,0.005852716121906841,0.0058527161219069515,0.0058527161219069515
P08201,0.0,0.0,0.0
P08202,0.0,0.0,0.0
P08203,0.0,0.0,0.0
P08204,0.0,0.0,0.0
P08244,0.24241093324918953,0.24241093324919397,0.242410933249194
P08331,0.0,0.0,0.0
P08337,0.0,0.0,0.0
P08373,0.8736554497658109,0.8736554497658272,0.8736554497658274
P08506,0.0,0.0,0.0
P08660,0.0,0.0,0.0
P08722,0.0,0.0,0.0
P08839,0.8216893954853293,0.8216893954853458,0.8216893954853484
P08997,0.0,0.0,0.0
P09029,2.669712242062961e-09,2.6697122420633345e-09,2.6697122420634793e-09
P09053,1.077195268067516e-09,1.0771952680675359e-09,1.0771952680675363e-09
P09099,0.0,0.0,0.0
P09126,0.0005179821481987244,0.000517982148198734,0.0005179821481987342
P09147,0.0,0.0,0.0
P09148,0.0,0.0,0.0
P09151,0.06048463683625669,0.060484636836257814,0.06048463683625782
P09152,0.0,0.0,0.0
P09158,0.0,0.0,0.0
P09323,0.0,0.0,0.0
P09373,0.0,0.029292978310430318,0.0
P09394,0.0,0.0,0.0
P09424,0.0,0.0,0.0
P09546,0.0,0.0,0.0
P09551,0.0,0.0,0.0
P09831,0.0,0.0,0.0
P09832,0.0,0.0,0.0
P09833,7.913466067448752e-07,7.9134660674489e-07,7.913466067448901e-07
P0A6A3,0.10233280455961269,0.10233280455961478,0.10233280455961517
P0A6A6,2.6493721250930835e-05,2.649372125093133e-05,2.6493721250931336e-05
P0A6A8,0.11953579632652571,0.11953579632652792,0.11953579632652797
P0A6B4,0.0,0.622888080555801,0.0
P0A6B7,0.13340935607800755,0.1334093560780101,0.1334093560780101
P0A6C5,1.333918790142308e-08,1.3339187901423328e-08,1.3339187901423331e-08
P0A6C8,0.026308880463529326,0.02630888046352982,0.026308880463529822
P0A6D3,0.08945325620375245,0.08945325620375415,0.08945325620375416
P0A6D5,0.0,0.0,0.0
P0A6D7,0.21042266426914755,0.2104226642691515,0.21042266426915154
P0A6E1,0.0,0.0,0.0
P0A6E4,1.514140629630401e-08,1.5141406296304295e-08,1.5141406296304298e-08
P0A6E6,0.03248014809749145,0.03248014809749145,0.03248014809749145
P0A6F1,0.0,0.0,0.0
P0A6F3,0.0,0.0,0.0
P0A6G3,0.0,0.0,0.0
P0A6G5,0.0,0.0,0.0
P0A6H8,0.0,0.0,0.0
P0A6I0,0.03054166901822262,0.030541669018223704,0.03054166901822411
P0A6I3,0.04573609714003964,0.04573609714024787,0.04573609714041147
P0A6I6,0.03743155133961019,0.03743155133978061,0.03743155133991451
P0A6I9,4.928927035756536e-10,4.928927035778976e-10,4.928927035796608e-10
P0A6J1,0.06378966340159975,0.0637896634016017,0.06378966340160235
P0A6J5,0.0,0.0,0.0
P0A6J8,0.45373081012911415,0.4537308101291226,0.4537308101291227
P0A6K1,1.0193761204395528e-10,1.019376120439572e-10,1.0193761204395722e-10
P0A6K6,0.039124889497877235,0.039124889497881475,0.03912488949788265
P0A6L0,0.0,0.0,0.0
P0A6L2,0.021893404236695765,0.021893404236696175,0.02189340423669618
P0A6L4,0.0,0.0,0.0
P0A6L7,0.0,0.0,0.0
P0A6P9,0.11098262346201643,0.11098262346201829,0.11098262346201856
P0A6Q3,0.0,0.0,0.0
P0A6Q6,6.255065717795946e-09,6.255065717796063e-09,6.255065717796064e-09
P0A6R0,2.454003610449856e-06,2.454003610449902e-06,2.4540036104499023e-06
P0A6S7,0.07033687986787511,0.07033687986787643,0.07033687986787643
P0A6T1,0.05978398955332838,0.059783989553329274,0.05978398955332933
P0A6T3,0.0,0.0,0.0
P0A6T5,6.723503611340468e-09,6.72350361134157e-09,6.72350361134157e-09
P0A6T9,0.0,0.0,0.0
P0A6U8,0.0,0.0,0.0
P0A6V1,0.0,0.0,0.0
P0A6V5,0.0,0.0,0.0
P0A6V8,0.0,0.0,0.0
P0A6W0,0.0,0.0,0.0
P0A6W3,1.8338713669856165e-10,1.8338713669856507e-10,1.833871366985651e-10
P0A6W9,0.0,0.0,0.0
P0A6X1,8.367252626283166e-10,8.367252626283321e-10,8.367252626283323e-10
P0A715,0.0020760006621738485,0.002076000662173887,0.0020760006621738875
P0A717,1.0,1.0,1.0
P0A720,0.10250073788715737,0.10250073788715927,0.10250073788715929
P0A722,0.05090190880191945,0.0509019088019204,0.050901908801920415
P0A725,1.018637681327245,1.0186376813272642,1.0186376813272642
P0A731,0.0,0.0,0.0
P0A738,0.0,0.0,0.0
P0A744,0.0,0.0,0.0
P0A746,0.0,0.0,0.0
P0A749,0.16257764966563137,0.1625776496656344,0.16257764966563443
P0A752,0.2958678213917274,0.2958678213921829,0.2958678213917274
P0A754,0.0,0.0,0.0
P0A759,0.0,0.0,0.0
P0A761,0.0,0.0,0.0
P0A763,0.0,0.0,0.0
P0A786,0.000984666812355253,0.0009846668123552713,0.0009846668123552715
P0A790,0.09443168494530342,0.09443168494573334,0.09443168494607114
P0A794,0.0013804208689710158,0.0013804208689710414,0.0013804208689710416
P0A796,1.0,1.0,1.0
P0A799,0.011130743203686207,0.011130743203686394,0.01113074320368642
P0A7A7,0.4232883790072157,0.4232883790072236,0.4232883790072236
P0A7A9,0.0,0.0,0.0
P0A7B1,0.0,0.0,0.0
P0A7B3,0.007210030128173389,0.0072100301282016725,0.007210030128145106
P0A7B5,0.26832446865584497,0.2683244686558499,0.26832446865584997
P0A7D4,0.19529398403589132,0.19529398403593023,0.19529398403594622
P0A7D7,0.0178986554983092,0.017898655498311707,0.017898655498312675
P0A7E1,0.14460980371918197,0.14460980371918467,0.14460980371918472
P0A7E3,3.636211911526983e-09,3.6362119115270497e-09,3.63621191152705e-09
P0A7E5,0.37301912785657665,0.37301912785658353,0.37301912785658353
P0A7E9,0.029164675678701887,0.029164675678702425,0.029164675678702432
P0A7F3,0.0,0.0,0.0
P0A7F6,0.0,0.0,0.0
P0A7I7,0.2690344006394812,0.2690344006397482,0.26903440063948375
P0A7J0,0.6496322685363392,0.6496322685369836,0.6496322685363451
P0A7Z0,0.00010214696651458922,0.00010214696651459642,0.00010214696651459838
P0A817,0.0014368601938903715,0.0014368601938903986,0.0014368601938903988
P0A825,0.2078016193719083,0.20780161937191335,0.20780161937191424
P0A836,0.010968426275987063,0.010968426275987264,0.010968426275987268
P0A840,0.37039509792084846,0.37039509792086367,0.370395097920866
P0A853,0.0030684450810212495,0.003068445081021307,0.0030684450810213077
P0A858,0.022161868568185448,0.02216186856818543,0.02216186856818544
P0A867,0.0,0.04086451768052414,0.0
P0A870,0.020037680803891206,0.0,0.020037680803894228
P0A877,0.00035829878333779394,0.0003582987833378006,0.00035829878333780066
P0A879,0.0004041293219017065,0.00040412932190171403,0.0004041293219017141
P0A884,0.046728975793166434,0.0467289757931673,0.04672897579316731
P0A887,0.0,0.0,0.0
P0A8F0,0.0,0.0,0.0
P0A8F4,0.0,0.0,0.0
P0A8G3,0.0,0.0,0.0
P0A8G6,0.0,0.0,0.0
P0A8K1,0.003185688975573487,0.0031856889755735463,0.0031856889755735467
P0A8N5,0.0,0.0,0.0
P0A8Q0,0.0,0.0,0.0
P0A8Q3,0.0,0.0,0.0
P0A8Y1,0.0,0.0,0.0
P0A8Y3,0.0,0.0,0.0
P0A8Y5,0.0,0.0,0.0
P0A8Y8,0.0,0.0,0.0
P0A921,0.0,0.0,0.0
P0A924,0.0,0.0,0.0
P0A935,0.0,0.0,0.0
P0A951,0.0,0.0,0.0
P0A953,0.8795983535015212,0.8795983535015375,0.8795983535015377
P0A955,0.48279295923621557,0.48279295923623233,0.48279295923623605
P0A959,0.0,0.0,0.0
P0A962,0.0,0.0,0.0
P0A991,0.0,1.0,0.0
P0A993,0.0,0.0,0.0
P0A996,0.0,0.0,0.0
P0A9B2,0.7114394271393479,0.7114394271393599,0.7114394271393617
P0A9B6,0.0003108690491689852,0.000310869049168991,0.0003108690491689911
P0A9C0,0.0,0.0,0.0
P0A9C3,0.0,0.0,0.0
P0A9C5,0.6932959367526146,0.6932959367526816,0.6932959367527016
P0A9C9,0.0,0.0,0.0
P0A9D4,0.029322015923486343,0.029322015923487245,0.02932201592348754
P0A9D8,0.029843787008507313,0.029843787008507868,0.029843787008507875
P0A9G6,0.0,0.0,0.0
P0A9H3,0.0,0.0,0.0
P0A9H5,0.0,0.0,0.0
P0A9H7,0.0,0.0,0.0
P0A9I1,0.0,0.0,0.0
P0A9I8,0.0,0.0,0.0
P0A9J4,0.0,0.0,0.0
P0A9J6,0.0,0.0,0.0
P0A9J8,7.398075493488967e-06,7.398075493489104e-06,7.398075493489106e-06
P0A9L8,0.0006196402284391721,0.0006196402284391836,0.0006196402284391838
P0A9M2,0.0,0.0,0.0
P0A9M5,0.0,0.0,0.0
P0A9M8,1.0,0.0,1.0
P0A9N4,0.0,1.0,0.0
P0A9N8,0.0,0.0,0.0
P0A9P0,0.052218563849145305,0.05221856384914925,0.05221856384915114
P0A9P4,0.0,0.0,0.0
P0A9P9,0.0,0.0,0.0
P0A9Q5,0.019850318722720132,0.0198503187227205,0.019850318722720507
P0A9Q7,0.0,0.0,0.0
P0A9Q9,0.04936453019575665,0.04936453019575862,0.04936453019575911
P0A9S1,0.0,0.0,0.0
P0A9S3,0.0,0.0,0.0
P0A9S5,0.0,0.0,0.0
P0A9T0,0.0001581163202152924,0.0001581163202152924,0.0001581163202152924
P0A9U8,5.007226461096888e-11,5.0072264610969814e-11,5.007226461096983e-11
P0A9V1,0.0006529566409584631,0.0006529566409584753,0.0006529566409584754
P0A9V8,0.0,0.0,0.0
P0A9X1,0.0,0.0,0.0
P0AA04,0.41586845473672734,0.4158684547367357,0.415868454736737
P0AA25,0.0,0.0,0.0
P0AA84,0.0,0.0,0.0
P0AA89,0.0,0.0,0.0
P0AAB4,7.566164906505947e-06,7.566164906506088e-06,7.5661649065060895e-06
P0AAF3,0.0,0.0,0.0
P0AAF6,0.0,0.0,0.0
P0AAG3,0.0,0.0,0.0
P0AAG8,0.0,0.0,0.0
P0AAH0,0.0,0.0,0.0
P0AAI1,0.0,0.0,0.0
P0AAI5,0.0,0.0,0.0
P0AAI9,0.0003484903143535632,0.00034849031435356967,0.0003484903143535698
P0AAJ1,0.0,0.0,0.0
P0AAJ3,1.0873782773971272e-07,1.2210644696941486e-07,1.1313139841180523e-07
P0AAJ5,2.3663430886966177,1.0,1.0
P0AAJ8,0.0,0.0,0.0
P0AAK1,0.0,0.0,0.0
P0AAK7,0.0,0.0,0.0
P0AAL3,0.0,0.0,0.0
P0AAM1,0.0,0.0,0.0
P0AAN3,0.0,0.0,0.0
P0AAX8,0.0,0.0,0.0
P0AB65,0.0,0.0,0.0
P0AB67,0.0,0.0,0.0
P0AB71,0.7907640261743604,0.14149587089296636,0.7907640261743604
P0AB74,0.0,0.0,0.0
P0AB77,1.0,1.0,1.0
P0AB80,0.0942763430477441,0.09427634304774583,0.09427634304774588
P0AB87,0.0,0.0,0.0
P0AB89,0.17329849753312482,0.17329849753315318,0.1732984975331645
P0AB91,0.0,0.0,0.016572586129774934
P0AB96,0.0,0.0,0.0
P0AB98,0.10661957378022134,0.10661957378022134,0.10661957378022134
P0ABA0,0.03869161542897205,0.03869161542897205,0.03869161542897205
P0ABA4,0.040985678870962064,0.040985678870962064,0.040985678870962064
P0ABA6,0.12485699461110525,0.12485699461110525,0.12485699461110525
P0ABB0,0.015825784327460065,0.015825784327460065,0.015825784327460065
P0ABB4,0.01235784471173306,0.01235784471173306,0.01235784471173306
P0ABB8,0.0,0.0,0.0
P0ABC0,0.0,0.0,0.0
P0ABD3,0.0,0.0,0.0
P0ABD5,0.01198303808065268,0.011983038080652902,0.011983038080652906
P0ABD8,0.02001689752207807,0.020016897522078442,0.02001689752207845
P0ABE9,4.202022365794994e-15,4.202022365795507e-15,4.202022365795702e-15
P0ABF6,0.0,0.0,0.0
P0ABF8,0.0,0.0,0.0
P0ABG1,5.482458259459027e-10,5.482458259459128e-10,5.482458259459129e-10
P0ABG4,6.9818786415007105e-12,6.9818786415008405e-12,6.981878641500842e-12
P0ABH7,0.004734010864159158,0.004734010864159246,0.004734010864159246
P0ABI8,0.05334678075090693,0.042595064613764506,0.042595064613764506
P0ABJ1,0.0248003733939796,0.019802010398614133,0.019802010398614133
P0ABJ3,1.0,0.7984561395120429,0.7984561395120429
P0ABJ6,1.2524169462972954,1.0,1.0
P0ABJ9,0.20009152042175468,0.20009152042175468,0.20009152042175468
P0ABK2,1.0,1.0,1.0
P0ABK5,0.0,0.0,0.0
P0ABK9,0.0,0.0,0.0
P0ABL1,0.0,0.0,0.0
P0ABL3,0.0,0.0,0.0
P0ABL5,0.0,0.0,0.0
P0ABL8,0.0,0.0,0.0
P0ABM1,0.0,0.0,0.0
P0ABM5,0.0,0.0,0.0
P0ABN1,0.0,0.0,0.0
P0ABP8,2.334469794962401e-05,2.3344697949624445e-05,2.334469794962445e-05
P0ABQ0,0.020639671300205963,0.02063967130029993,0.020639671300373762
P0ABQ2,0.0,0.0,0.0
P0ABQ4,0.055716731892661395,0.05571673189266262,0.0
P0ABR5,0.0,0.0,0.0
P0ABR9,0.0,0.0,0.0
P0ABU0,0.0,0.0,0.0
P0ABW0,0.0,0.0,0.0
P0ABY4,0.1293583562026097,0.0,0.008959570612055044
P0ABZ4,0.12285588145748073,0.12285588145748302,0.12285588145748305
P0AC00,0.0,0.0,0.0
P0AC13,1.0100633548622135,1.0100633548623792,1.0100633548623792
P0AC16,1.1824271491461544,1.182427149146348,1.182427149146348
P0AC19,0.0,0.0,0.0
P0AC28,0.0,0.0,0.0
P0AC33,0.005203688337229681,0.005203688337230311,0.0
P0AC35,0.0,0.0,0.0
P0AC38,0.0,0.0,0.0
P0AC41,0.0,0.0,0.0
P0AC44,0.0,0.0,0.0
P0AC47,0.0,0.0,0.0
P0AC53,0.054241390060350246,0.054241390060352127,0.05424139006035255
P0AC59,1.0,0.5234395718793923,1.0
P0AC62,0.5431855167048992,1.0,0.5520665986636375
P0AC69,1.0,0.0,1.0
P0AC75,1.0652080832106978,1.0652080832107176,1.0652080832107178
P0AC78,0.0,0.0,0.0
P0AC81,0.0,0.0,0.0
P0AC84,0.0,0.0,0.0
P0AC86,0.0,0.0,0.0
P0AC88,0.0,0.0,0.0
P0ACB2,0.028824017142778012,0.02882401714277855,0.028824017142778557
P0ACB4,0.06666955193080348,0.06666955193080472,0.06666955193080473
P0ACC7,0.016587816219414585,0.016587816219414894,0.0165878162194149
P0ACD4,0.12963564669909053,0.12963564669909308,0.12963564669909308
P0ACD8,0.0,0.0,0.0
P0ACE0,0.0,0.0,0.0
P0ACE7,0.0,0.0,0.0
P0ACV0,0.0,0.0,0.0
P0ACV2,0.0,0.0,0.0
P0AD57,0.019325948432604417,0.019325948432604777,0.01932594843260478
P0AD61,0.0,0.0,0.0
P0AD65,1.8100841031111388e-10,1.8100841031111724e-10,1.8100841031111726e-10
P0AD68,1.8100841031111388e-10,1.8100841031111724e-10,1.8100841031111726e-10
P0AD70,0.0,0.0,0.0
P0ADA1,0.0,0.0,0.0
P0ADC1,0.002795520661406614,0.0027955206614066665,0.002795520661406667
P0ADC6,0.0053482729660209345,0.005348272966021035,0.005348272966021036
P0ADF6,3.531536296661831e-10,3.531536296661953e-10,3.531536296661981e-10
P0ADF8,0.015240323091739111,0.10697275104722623,0.015240323091739399
P0ADG4,0.0,0.0,0.0
P0ADG7,0.2743604253172594,0.27436042531726473,0.27436042531726457
P0ADI4,0.0,0.0,0.0
P0ADP0,0.035708504471886934,0.0,0.0
P0ADU2,0.04534350666878098,0.04779252114764498,0.046596689800110724
P0ADV1,0.0008332597861364768,0.0008332597861364924,0.0008332597861364926
P0ADV9,0.007737152060642193,0.007737152060642339,0.00773715206064234
P0AE08,0.030881607557598157,0.030881607557598157,0.030881607557598157
P0AE12,0.0,0.0,0.0
P0AE22,0.0,0.0,0.0
P0AE26,0.0,0.0,0.0
P0AE30,0.0,0.0,0.0
P0AE34,0.0,0.0,0.0
P0AE37,0.0,0.0,0.0
P0AE52,0.0,0.0,0.0
P0AE76,0.0,0.0,0.0
P0AEA5,0.0,0.0,0.0
P0AEA8,0.004948095904154295,0.0049480959041543855,0.004948095904154387
P0AEB0,0.0,0.0,0.0
P0AEB2,0.0,0.0,0.0
P0AED7,0.7260621142731439,0.7260621142731574,0.7260621142731576
P0AEE5,0.0,0.0,0.0
P0AEG6,0.0,0.0,0.0
P0AEI6,0.0,0.0,0.0
P0AEJ2,0.0,0.0,0.0
P0AEJ6,0.0,0.0,0.0
P0AEK2,0.6619501949150594,0.6619501949150717,0.6619501949150718
P0AEK4,1.2039752634166879e-06,1.2039752634167103e-06,1.2039752634167108e-06
P0AEK7,1.0873782773971272e-07,1.2210644696941486e-07,1.1313139841180523e-07
P0AEL0,328.76053460973696,138.9318971454889,138.9318971454889
P0AEL6,0.0,0.0,0.0
P0AEM9,0.0,0.0,0.0
P0AEN1,1.0,1.0,1.0
P0AEP3,0.0,0.0,0.0
P0AEP7,0.0,0.0,0.0
P0AEP9,0.0,0.0,0.0
P0AEQ3,0.0,0.0,0.0
P0AEQ6,0.0,0.0,0.0
P0AER3,0.0,0.0,0.0
P0AER5,0.0,0.0,0.0
P0AES0,0.0,0.0,0.0
P0AES2,0.0,0.0,0.0
P0AET8,0.0,0.0,0.0
P0AEU0,0.0,0.0,0.0
P0AEU3,0.0,0.0,0.0
P0AEW4,0.0,0.0,0.0
P0AEW6,0.0,0.0,0.0
P0AEW9,0.0,0.0,0.0
P0AEX9,0.0,0.0,0.0
P0AEY3,0.0,0.0,0.0
P0AEZ1,0.0253995458280536,0.02539954582805407,0.025399545828054072
P0AEZ7,0.0,0.0,0.0
P0AF01,8.639561234942449e-16,8.63956123494261e-16,8.639561234942612e-16
P0AF03,0.0,0.0,0.0
P0AF12,0.0017075665275824547,0.0017075665275824864,0.0017075665275824866
P0AF16,6.9818786415007105e-12,6.9818786415008405e-12,6.981878641500842e-12
P0AF18,0.0,0.0,0.0
P0AF24,0.0,0.0,0.0
P0AF26,0.0,0.0,0.0
P0AF32,0.0,0.0,0.0
P0AF98,0.0047157993952335695,0.004715799395233658,0.004715799395233659
P0AFA9,0.0,0.0,0.0
P0AFC0,2.0286148488270504e-12,2.0286148488273824e-12,2.0286148488273824e-12
P0AFC3,0.021537141152687587,0.005139476548018384,0.021537141152687587
P0AFC7,0.05168094592074951,0.012332788630395962,0.05168094592074951
P0AFD1,0.015180764788500124,0.003622634223286571,0.015180764788500124
P0AFD4,0.19227818574730088,0.04588395550448711,0.19227818574730088
P0AFD6,0.05188709226076141,0.012381981987696253,0.05188709226076141
P0AFE0,6.287176624462251e-11,1.5003289705718838e-11,6.287176624462251e-11
P0AFE4,0.08505525467929713,0.020297006163022175,0.08505525467929713
P0AFE8,1.0,0.0,1.0
P0AFF0,0.2525494895209316,0.06026668857323574,0.2525494895209316
P0AFG3,0.0,0.0,0.0
P0AFG6,0.0,0.0,0.0
P0AFG8,0.0817081410534152,0.08170814105342136,0.08170814105342432
P0AFI0,0.0,0.0,0.0
P0AFI5,0.0,0.0,0.0
P0AFI7,0.01548616453993208,0.015486164539932368,0.015486164539932373
P0AFK4,0.0,0.0,0.0
P0AFK6,0.0,0.0,0.0
P0AFK9,0.0,0.0,0.0
P0AFL1,0.0,0.0,0.0
P0AFL6,0.0,0.0,0.0
P0AFM2,0.0,0.0,0.0
P0AFP4,0.0,0.0,0.0
P0AFQ5,0.0,0.0,0.0
P0AFR9,0.0,0.0,0.0
P0AFS1,0.0,0.0,0.0
P0AFS3,0.0,0.0,0.3142704533331229
P0AFS9,0.0,0.0,0.0
P0AFT2,0.0,0.0,0.0
P0AFU8,0.09916316249151035,0.09916316249160874,0.09916316249151128
P0AFV4,0.0,0.0,0.0
P0AG00,0.0,0.0,0.0
P0AG07,2.0994162919317355e-11,2.0994162919318802e-11,2.0994162919319164e-11
P0AG16,0.3669411019827899,0.3669411019828413,0.3669411019828612
P0AG18,0.21668856209047824,0.21668856209050857,0.21668856209052031
P0AG20,0.0,0.0,0.0
P0AG24,0.0,0.0,0.0
P0AG40,0.006475354941747752,0.006475354941760482,0.006475354941747752
P0AG78,0.0,0.0,0.0
P0AG80,0.0,0.0,0.0
P0AG82,0.0,0.0,0.0
P0AG84,0.0,0.0,0.0
P0AGB0,1.0,1.0,1.0
P0AGC3,0.0,0.0,0.0
P0AGC5,0.0,0.0,0.0
P0AGD1,0.0,0.0,0.0
P0AGD3,0.0,0.0,0.0
P0AGE6,0.0,0.0,0.0
P0AGE9,0.011608276931562508,0.01160827693156272,0.011608276931562723
P0AGF6,0.0,0.0,0.0
P0AGG0,0.7811338518517611,0.7811338518517756,0.7811338518517759
P0AGG2,0.19508943956793237,0.195089439567936,0.1950894395679361
P0AGG4,0.0,0.0,0.0
P0AGH8,0.0,0.0,0.0
P0AGI1,0.0,0.0,0.0
P0AGI4,0.0,0.0,0.0
P0AGK1,3.9220790717117175e-09,3.922079071711791e-09,3.922079071711793e-09
P0C066,0.0,0.0,0.0
P0C0T5,0.0,0.0,0.0
P0C7L2,0.0,0.0,0.0
P0C8J6,0.0,0.0,0.0
P0C8J8,0.0,0.0,0.0
P0C8K0,0.0,0.0,0.0
P0C960,0.0,0.0,0.0
P0CI31,0.0,0.0,0.0
P0DP69,0.0,0.0,0.0
P10346,0.0,0.0,0.0
P10371,0.09955130876382244,0.09955130876382429,0.0995513087638243
P10378,0.0,0.0,0.0
P10441,0.004997834109489382,0.004997834109489475,0.004997834109489476
P10902,0.38030217824839097,0.38030217824897644,0.38030217824839097
P10905,0.0,0.0,0.0
P10906,0.0,0.0,0.0
P10907,0.0,0.0,0.0
P10908,0.0,0.0,0.0
P11349,0.0,0.0,0.0
P11350,0.0,0.0,0.0
P11446,7.0436905155847245e-09,7.043690515584856e-09,7.043690515584857e-09
P11447,0.001118540737129095,0.0011185407371291161,0.0011185407371291163
P11454,0.0,0.0,0.0
P11458,0.22932807046448137,0.22932807046483442,0.22932807046448137
P11553,0.0,0.0,0.0
P11868,0.0,0.0,0.0
P11880,0.027895306651899786,0.027895306651900306,0.02789530665190031
P11988,0.0,0.0,0.0
P12008,0.16573936950118778,0.16573936950119092,0.16573936950119095
P12281,0.0,0.0,0.0
P12282,0.0,0.0,0.0
P12758,0.0,0.0,0.0
P12995,0.0005683272718951153,0.0005683272718951259,0.0005683272718951261
P12996,3.7327743312743425e-05,3.732774331274412e-05,3.732774331274413e-05
P12998,0.007698881083273642,0.007698881083273786,0.0076988810832737875
P12999,4.0666323127910073e-16,4.0666323127910827e-16,4.0666323127910837e-16
P13000,0.10237846822174002,0.10237846822174192,0.10237846822174192
P13001,6.941299801848808e-05,6.941299801848938e-05,6.941299801848939e-05
P13009,0.8651780557081284,0.8651780557081444,0.8651780557081445
P13016,0.0,0.0,0.0
P13029,0.0,0.0,0.0
P13033,0.0,0.0,0.0
P13035,0.0,0.0,0.0
P13482,0.0,0.0,0.0
P14081,0.0,0.0,0.0
P14175,0.0,0.0,0.0
P14176,0.0,0.0,0.0
P14407,0.0,0.0,3.1896662025880394e-11
P14900,5.873976270068864e-10,5.873976270068974e-10,5.873976270068976e-10
P15028,0.0,0.0,0.0
P15029,0.0,0.0,0.0
P15030,0.0,0.0,0.0
P15031,0.0,0.0,0.0
P15042,0.0,0.0,0.0
P15047,0.0,0.0,0.0
P15067,0.0,0.0,0.0
P15254,3.151853093221469e-07,3.15185309322191e-07,3.1518530932220803e-07
P15288,0.0,0.0,0.0
P15639,4.43811326089019e-09,4.438113260890718e-09,4.438113260890916e-09
P15640,0.6447956553363088,0.6447956553363989,0.6447956553364339
P15723,0.0,0.0,0.0
P15770,0.1434896750572122,0.14348967505721488,0.14348967505721494
P15877,0.0,0.0,0.0
P15977,0.0,0.0,0.0
P16095,0.0,0.0,0.0
P16429,0.0,0.0,0.0
P16430,0.0,0.0,0.0
P16431,0.0,0.0,0.0
P16432,0.0,0.0,0.0
P16433,0.0,0.0,0.0
P16456,0.0,0.0,0.0
P16676,0.0,0.0,0.0
P16677,0.0,0.0,0.0
P16679,0.0,0.0,0.0
P16682,0.0,0.0,0.0
P16685,0.0,0.0,0.0
P16686,0.0,0.0,0.0
P16687,0.0,0.0,0.0
P16688,0.0,0.0,0.0
P16689,0.0,0.0,0.0
P16690,7.485116842082585e-09,7.485116842083397e-09,7.485116842083622e-09
P16691,0.0,0.0,0.0
P16692,0.0,0.0,0.0
P16700,0.0,0.0,0.0
P16701,0.0,0.0,0.0
P16703,0.182453981915324,0.18245398191532963,0.18245398191533144
P17109,0.0,0.0,0.0
P17115,0.03162808188553756,0.0,0.0
P17169,0.03428451076036764,0.03428451076036828,0.034284510760368286
P17334,0.0,0.0,0.0
P17411,0.0,0.0,0.0
P17443,0.28960846030918863,0.289608460309194,0.28960846030919407
P17444,0.0,0.0,0.0
P17445,0.0,0.0,0.0
P17846,0.05762777210220802,0.05762777210220928,0.05762777210220944
P17854,2.598592478504462e-08,2.5985924785045423e-08,2.5985924785045677e-08
P17952,9.774594909840826e-10,9.774594909841008e-10,9.77459490984101e-10
P17993,0.0,0.0,0.0
P18133,0.0,0.0,0.0
P18200,0.0,0.0,0.0
P18335,0.0,0.0,0.0
P18775,0.0,0.0,0.0
P18776,0.0,0.0,0.0
P18777,0.0,0.0,0.0
P18843,0.002820598451751659,0.002820598451756001,0.002820598451751659
P18956,0.0,0.0,0.0
P19317,0.0,0.0,0.0
P19318,0.0,0.0,0.0
P19319,0.0,0.0,0.0
P19624,0.01707323922184894,0.017073239221849258,0.01707323922184926
P19636,0.0,0.0,0.0
P19642,1.0796736996310182e-08,1.0796736996310405e-08,1.0244011997503712e-09
P19925,0.0,0.0,0.0
P19926,0.0,0.0,0.0
P20099,0.0,0.0,0.0
P20966,0.0,0.0,0.0
P21151,4.914152176702388e-08,4.9141521767024816e-08,4.9141521767024816e-08
P21156,0.40272104604344255,0.40272104604345493,0.40272104604345893
P21169,0.0,0.0,0.0
P21170,0.0,0.0,0.0
P21177,0.010321535761515635,0.010321535761515826,0.010287836156620302
P21179,0.005443713342786969,0.005668251832687286,0.005501843194823581
P21369,0.0,0.0,0.0
P21437,0.0,0.0,0.0
P21514,0.0,0.0,0.0
P21515,0.0,0.0,0.0
P21517,0.0,0.0,0.0
P21599,0.003557695337657864,0.0035576953376574116,0.003557695337657308
P21645,0.23143615297857922,0.23143615297858355,0.23143615297858358
P21829,0.0,0.0,0.0
P22106,0.8823342748151595,0.8823342748151818,0.882334274815182
P22188,0.9199045693992408,0.9199045693992579,0.9199045693992581
P22255,0.19512108470690465,0.19512108470691064,0.1951210847069126
P22256,0.0,0.0,0.0
P22259,0.0,0.0,0.0
P22333,0.0,0.0,0.0
P22525,0.0,0.0,0.0
P22564,0.0,0.0,0.0
P22634,0.42909057140458245,0.42909057140459045,0.4290905714045905
P22939,3.9912974236773444e-11,3.9912974236774045e-11,3.9912974236774045e-11
P23200,0.0,0.0,0.0
P23256,1.1951221903910647e-10,1.195122190391087e-10,1.1951221903910872e-10
P23331,0.0,0.0,0.0
P23522,0.0,0.0,0.0
P23524,0.0,0.0,0.0
P23538,0.0,0.0,0.0
P23721,0.0011272545080921383,0.0011272545080921429,0.0011272545080921429
P23830,0.0055806618224660265,0.005580661822466131,0.005580661822466131
P23845,0.2457044396626393,0.24570443966264685,0.24570443966264927
P23857,0.0,0.0,0.0
P23871,0.0,0.0,0.0
P23876,0.0,0.0,0.0
P23877,0.0,0.0,0.0
P23878,0.0,0.0,0.0
P23883,0.0,0.0,0.0
P23893,0.028482495427331438,0.028482495427331965,0.028482495427331972
P23908,0.0007333084928096609,0.0007333084928096747,0.0007333084928096748
P23917,0.0,0.0,0.0
P23930,0.0,0.0,0.0
P24169,0.0,0.0,0.0
P24173,0.0,0.0,0.0
P24174,0.0,0.0,0.0
P24175,0.0,0.0,0.0
P24182,0.029876808842170456,0.029876808842171008,0.029876808842171018
P24183,1.0873782773971272e-07,1.2210644696941486e-07,1.1313139841180523e-07
P24186,0.530046933290312,0.5300469332903259,0.5300469332903295
P24203,0.0,0.0,0.0
P24205,0.0,0.0,0.0
P24215,0.0,0.0,0.0
P24224,0.0,0.0,0.0
P24228,0.0,0.0,0.0
P24232,0.0,0.0,0.0
P24240,0.0,0.0,0.0
P24241,0.0,0.0,0.0
P25397,0.0,0.0,0.0
P25437,0.0,0.0,0.0
P25516,1.0,0.0,0.0
P25519,0.0,0.0,0.0
P25524,0.0,0.0,0.0
P25526,0.0,0.0,0.0
P25534,0.0,0.0,0.0
P25535,0.0023770727019150318,0.0023770727019150756,0.002377072701915076
P25536,0.0,0.0,0.0
P25539,0.0025578580455705665,0.0025578580455731044,0.0025578580455705904
P25552,0.0,0.0,0.0
P25553,2.1069692016605657e-07,2.106969201660911e-07,2.106969201660911e-07
P25665,0.0,0.0,0.0
P25718,0.0,0.0,0.0
P25740,0.0,0.0,0.0
P25741,0.0,0.0,0.0
P25742,0.0,0.0,0.0
P25889,0.0,0.0,0.0
P26281,4.482335740893645e-12,4.482335740894379e-12,4.482335740894379e-12
P26365,0.0,0.0,0.0
P26458,1.2505719697881554e-12,1.2505719697881554e-12,1.2505719697881554e-12
P26459,1.0,1.0,1.0
P26602,0.017625556862097193,0.01762555686209752,0.017625556862097522
P26612,0.0,0.0,0.0
P26616,0.0,0.0,0.0
P26646,0.0,0.0,0.0
P26647,0.01842449787844721,0.018424497878447552,0.01842449787844756
P27126,0.0,0.0,0.0
P27127,0.0,0.0,0.0
P27128,0.0,0.0,0.0
P27129,0.0,0.0,0.0
P27240,0.0,0.0,0.0
P27241,0.0,0.0,0.0
P27242,0.0,0.0,0.0
P27243,0.0,0.0,0.0
P27247,0.0,0.0,0.0
P27248,0.0,0.0,0.0
P27250,0.0,0.0,0.0
P27253,0.0,0.0,0.0
P27254,0.0,0.0,0.0
P27278,0.0,0.0,0.0
P27300,2.8515273390597813e-10,2.8515273390598346e-10,2.851527339059835e-10
P27302,0.02765411169542226,0.03708236813154339,0.03708236813154403
P27306,0.0,0.0,0.0
P27550,0.0,0.0,0.0
P27828,0.0,0.0,0.0
P27829,0.0,0.0,0.0
P27830,0.0,0.0,0.0
P27832,0.0,0.0,0.0
P27833,0.0,0.0,0.0
P27835,0.0,0.0,0.0
P27836,0.0,0.0,0.0
P27848,0.0,0.0,0.0
P28248,0.0,0.0,0.0
P28305,6.565931423132905e-14,6.56593142313398e-14,6.56593142313398e-14
P28306,0.0,0.0,0.0
P28629,0.0,0.0,0.0
P28635,0.0,0.0,0.0
P28861,0.0,0.0,0.0
P28903,0.03529866767239824,0.03529866767239889,0.03529866767239889
P28904,0.0,0.0,0.0
P29012,0.0698038015137133,0.0,0.06980380151371463
P29208,0.0,0.0,0.0
P29680,1.8881593036049005,1.8881593036049356,1.8881593036049362
P30011,0.4865627322191187,0.4865627322198678,0.4865627322191187
P30125,0.008266753197650065,0.008266753197650219,0.00826675319765022
P30126,1.3974924585712468e-05,1.3974924585712727e-05,1.397492458571273e-05
P30136,1.7827401099879936e-13,1.7827401099880267e-13,1.7827401099880272e-13
P30137,3.955118401497178e-11,3.955118401497252e-11,3.955118401497253e-11
P30138,6.536704323708174e-10,6.536704323708296e-10,6.536704323708297e-10
P30139,3.0170273455373315e-14,3.017027345537388e-14,3.0170273455373883e-14
P30140,6.536704323708174e-10,6.536704323708296e-10,6.536704323708297e-10
P30147,0.0,0.0,0.0
P30235,0.0,0.0,0.0
P30744,0.0,0.0,0.0
P30745,0.0,0.0,0.0
P30748,0.0,0.0,0.0
P30749,0.0,0.0,0.0
P30750,0.0,0.0,0.0
P30859,0.0,0.0,0.0
P30860,0.0,0.0,0.0
P30863,0.0,0.0,0.0
P31057,0.0036653776292710867,0.0036653776292877747,0.003665377629300886
P31119,7.05950882126566e-09,7.059508821265793e-09,7.0595088212657934e-09
P31120,0.09311065102155684,0.09311065102155856,0.0931106510215586
P31129,0.0,0.0,0.0
P31133,0.0,0.0,0.0
P31134,0.0,0.0,0.0
P31135,0.0,0.0,0.0
P31142,0.0,0.0,0.0
P31434,0.0,0.0,0.0
P31441,0.0,0.0,0.0
P31459,0.0,0.0,0.0
P31467,0.0,0.0,0.0
P31545,0.0,0.0,0.0
P31547,0.0,0.0,0.0
P31548,0.0,0.0,0.0
P31549,0.0,0.0,0.0
P31550,0.0,0.0,0.0
P31551,0.0,0.0,0.0
P31552,0.0,0.0,0.0
P31554,0.0019217582654349845,0.0019217582654350205,0.001921758265435021
P31572,0.0,0.0,0.0
P31658,0.0,0.0,0.0
P31660,0.0,0.0,0.0
P31663,0.0052340325177105745,0.0052340325177344035,0.005234032517753126
P31677,0.0,0.0,0.0
P31678,0.0,0.0,0.0
P31806,0.0,0.0,0.0
P31979,0.019006470162106756,0.004535574474171522,0.019006470162106756
P32055,0.0,0.0,0.0
P32056,0.0,0.0,0.0
P32099,0.0,0.0,0.0
P32125,0.0,0.0,0.0
P32131,0.0,0.0,0.0
P32138,0.0,0.0,0.0
P32140,0.0,0.0,0.0
P32141,0.0,0.0,0.0
P32143,0.0,0.0,0.0
P32166,0.0,0.0,0.0
P32169,0.0,0.0,0.0
P32170,0.0,0.0,0.0
P32171,0.0,0.0,0.0
P32173,0.0,0.0,0.0
P32176,1.0,0.0,0.0
P32662,0.0,0.0,0.0
P32664,0.0,0.0,0.0
P32669,4.966427028762335e-08,4.95268298989758e-08,4.9664270287624265e-08
P32674,2.3080269501009008e-07,2.302406226746501e-07,2.3080269501009508e-07
P32675,2.3080269501009008e-07,2.302406226746501e-07,2.3080269501009508e-07
P32709,0.0,0.0,0.0
P32718,0.0,0.0,0.0
P32719,0.0,0.0,0.0
P32720,0.0,0.0,0.0
P32721,0.0,0.0,0.0
P33013,0.0,0.0,0.0
P33018,0.0,0.0,0.0
P33022,0.0,0.0,0.0
P33025,0.0,0.0,0.0
P33030,0.0,0.0,0.0
P33195,0.0,0.0,0.0
P33221,0.01087332272942007,0.010873322729421592,0.01087332272942218
P33225,0.0,0.0,0.0
P33226,0.0,0.0,0.0
P33232,0.0,0.0,0.0
P33359,0.0,0.0,0.0
P33360,0.0,0.0,0.0
P33361,0.0,0.0,0.0
P33362,0.0,0.0,0.0
P33363,0.0,0.0,0.0
P33570,0.009582374125922723,0.0,0.0
P33590,0.0,0.0,0.0
P33591,0.0,0.0,0.0
P33593,0.0,0.0,0.0
P33594,0.0,0.0,0.0
P33599,0.012452454860803113,0.002971568940772289,0.012452454860803113
P33602,0.012640942665119134,0.003016548385490688,0.012640942665119134
P33607,4.190532041826635,1.0,0.0
P33931,0.0,0.0,0.0
P33934,0.0,0.0,0.0
P33937,0.0,0.0,0.0
P33940,0.0,0.0,0.0
P35340,1.0,1.0,1.0
P36548,0.0,0.0,0.0
P36553,4.614210672602021e-10,4.6142106726021067e-10,4.614210672602108e-10
P36561,0.0,0.0,0.0
P36562,0.0,0.0,0.0
P36649,0.0,0.0,0.0
P36655,0.0,0.0,0.0
P36672,0.0,0.0,0.0
P36683,0.16452415291173134,0.2617952923729632,0.2617952923729632
P36937,0.0,0.0,0.0
P36938,0.0,0.0,0.0
P37001,0.0,0.0,0.0
P37028,0.0,0.0,0.0
P37051,0.0,0.0,0.0
P37095,0.0,0.0,0.0
P37128,0.0,0.0,0.0
P37146,0.0,0.0,0.0
P37180,0.0,0.0,0.0
P37188,0.0,0.0,0.0
P37306,6.909240816534901e-11,6.909240816535029e-11,6.90924081653503e-11
P37329,2.660507811715129e-08,2.6605078117151788e-08,2.6605078117151794e-08
P37330,0.0,0.0,0.0
P37339,0.0,0.0,0.0
P37349,1.0,1.0,1.0
P37351,0.0,0.0,0.0
P37353,0.0,0.0,0.0
P37355,0.0,0.0,0.0
P37387,0.0,0.0,0.0
P37388,0.0,0.0,0.0
P37595,0.0,0.0,0.0
P37596,0.0,0.0,0.0
P37610,0.0,0.0,0.0
P37617,0.0,0.0,0.0
P37623,0.0,0.0,0.0
P37646,0.0,0.0,0.0
P37647,0.0,0.0,0.0
P37661,0.0,0.0,0.0
P37666,0.0,0.0,0.0
P37672,0.0,0.0,0.0
P37677,0.0,0.0,0.0
P37678,0.0,0.0,0.0
P37679,0.0,0.0,0.0
P37680,0.0,0.0,0.0
P37685,0.0,0.0,0.0
P37686,2.433167125050584e-12,2.433167125050584e-12,2.433167125050584e-12
P37689,0.0,0.0,0.0
P37691,0.0,0.0,0.0
P37692,0.0,0.0,0.0
P37744,0.0,0.0,0.0
P37745,0.0,0.0,0.0
P37747,0.0,0.0,0.0
P37748,0.0,0.0,0.0
P37749,0.0,0.0,0.0
P37750,0.0,0.0,0.0
P37759,0.0,0.0,0.0
P37760,0.0,0.0,0.0
P37766,0.0,0.0,0.0
P37769,0.0,0.0,0.0
P37772,0.0,0.0,0.0
P37773,0.0,0.0,0.0
P37774,0.0,0.0,0.0
P37794,0.0,0.0,0.0
P37902,0.0,0.0,0.0
P37906,0.0,0.0,0.0
P38038,0.07266639832086359,0.07266639832086519,0.07266639832086538
P38051,0.0,0.0,0.0
P38135,0.0,0.0,0.0
P38489,0.0,0.0,0.0
P39160,0.0,0.0,0.0
P39172,0.0,0.0,0.0
P39176,0.0,0.0,0.0
P39208,0.0,0.0,0.0
P39265,0.0,0.0,0.0
P39280,0.0,0.0,0.0
P39286,0.0,0.0,0.0
P39300,0.0,0.0,0.0
P39301,0.0,0.0,0.0
P39304,0.0,0.0,0.0
P39305,0.0,0.0,0.0
P39306,0.0,0.0,0.0
P39325,0.0,0.0,0.0
P39328,0.0,0.0,0.0
P39346,0.0,0.0,0.0
P39358,0.0,0.0,0.0
P39359,0.0,0.0,0.0
P39400,0.0,0.0,0.0
P39411,0.0,0.0,0.0
P39451,0.0,0.0,0.0
P39452,0.0,0.0,0.0
P39829,0.0,0.0,0.0
P39831,0.0,0.0,0.0
P39832,0.0,0.0,0.0
P40191,0.0,0.0,0.0
P40874,0.0,0.0,0.0
P41052,0.0,0.0,0.0
P41409,0.0,0.0,0.0
P42588,0.0,0.0,0.0
P42604,0.0,0.0,0.0
P42630,0.0,0.0,0.0
P42632,0.0,0.0,0.0
P43337,0.0,0.0,0.0
P43341,2.4159389223103697e-11,2.4159389223104147e-11,2.415938922310415e-11
P45395,0.0,0.0250150992847374,0.025015099284737406
P45425,0.0,0.0,0.0
P45541,0.0,0.0,0.0
P45543,0.0,0.0,0.0
P45563,0.0,0.0,0.0
P45568,2.211403994297644e-12,2.211403994297674e-12,2.211403994297675e-12
P45578,0.0032348586151942763,0.0032348586151943366,0.003234858615194337
P45799,0.0,0.0,0.0
P46022,0.0,0.0,0.0
P46859,0.0,0.0,0.0
P46883,0.0,0.0,0.0
P46891,0.0,0.0,0.0
P46923,0.0,0.0,0.0
P50457,4.94786128076329e-10,4.947861280763382e-10,4.947861280763384e-10
P51020,0.0,0.0,0.0
P51025,0.0,0.0,0.0
P51981,0.0,0.0,0.0
P52005,0.0,0.0,0.0
P52006,6.168944558181609e-13,6.168944558181723e-13,6.168944558181723e-13
P52043,0.0,0.0,0.0
P52045,0.0,0.0,0.0
P52061,0.0,0.0,0.0
P52073,0.0,0.0,0.0
P52074,0.0,0.0,0.0
P52086,0.0,0.0,0.0
P52094,0.0,0.0,0.0
P52095,0.0,0.0,0.0
P52643,0.0,0.0,0.0
P52647,0.1116762073208932,0.11167620732089525,0.11167620732089527
P52697,0.014657233822970898,0.014657233822971407,0.014657233822971521
P54745,0.0,0.0,0.0
P54746,0.0,0.0,0.0
P55734,0.0,0.0,0.0
P56100,8.311944956897712e-10,8.311944956897712e-10,8.311944956897712e-10
P56258,0.0,0.0,0.0
P56579,0.0,0.0,0.0
P56580,0.0,0.0,0.0
P60472,7.738492058006375e-13,7.738492058006375e-13,7.738492058006375e-13
P60546,0.1732948962206896,0.173294896220693,0.17329489622069283
P60560,0.0,0.0,0.0
P60595,0.013363149267978738,0.013363149267978987,0.01336314926797899
P60651,0.0,0.0,0.0
P60664,0.023220563771393324,0.023220563771393758,0.02322056377139376
P60716,0.0,0.0,0.0
P60720,0.0,0.0,0.0
P60752,0.03740004453938446,0.03740004453938516,0.03740004453938516
P60757,0.2729327103093343,0.2729327103093394,0.27293271030933947
P60782,0.0,0.0,0.0
P60932,0.0,0.0,0.0
P61517,0.0,0.0,0.0
P61714,1.8650953122835627e-05,1.8650953122854136e-05,1.8650953122835803e-05
P61887,0.0,0.0,0.0
P61889,0.015080250715846899,0.01553863206920967,0.015080250715847282
P61949,0.03476326085126047,0.037255105792076734,0.03708251654962718
P62601,0.0,0.0,0.0
P62615,0.2989172822557901,0.29891728225579417,0.2989172822557943
P62617,0.007498205939322421,0.007498205939322523,0.007498205939322527
P62620,0.6500403532991872,0.650040353299196,0.6500403532991962
P62623,0.38573733275172417,0.3857373327517295,0.3857373327517295
P62707,0.025719313696387504,0.025719313696387937,0.025719313696388003
P63224,0.0,0.0,0.0
P63228,0.0,0.0,0.0
P63883,0.0,0.0,0.0
P64461,1.8586853736190878e-05,1.8586853736191227e-05,1.858685373619123e-05
P64636,0.0,0.0,0.0
P65870,0.0,0.0,0.0
P66899,0.0,0.0,0.0
P67910,0.0,0.0,0.0
P68066,0.0,0.0,0.0
P68183,0.0,0.0,0.0
P68187,0.0,0.0,0.0
P68688,1.0,1.0,0.0
P68699,1.0,1.0,1.0
P68767,0.0,0.0,0.0
P69054,0.0,0.0,0.0
P69330,0.0,0.0,0.0
P69432,0.0,0.0,0.0
P69441,0.018509827924635056,0.01850982792463904,0.018509827924640076
P69451,0.0,0.0,0.0
P69490,0.0,0.0,0.0
P69503,0.0,0.0,0.0
P69739,0.0,0.0,0.0
P69741,0.0,0.0,0.0
P69776,0.0,0.0,0.0
P69783,0.1118133788701108,0.11181337887011311,0.11181337887011346
P69786,0.0,0.0,1.0
P69791,0.0,0.0,0.0
P69795,0.0,0.0,0.0
P69797,0.0,0.0,0.0
P69801,0.0,0.0,0.0
P69805,0.0,0.0,0.0
P69811,0.0,0.0,0.0
P69820,0.0,0.0,0.0
P69822,0.0,0.0,0.0
P69824,0.0,0.0,0.0
P69826,0.0,0.0,0.0
P69828,0.0,0.0,0.0
P69831,0.0,0.0,0.0
P69874,0.0,0.0,0.0
P69902,0.0,0.0,0.0
P69908,0.0,0.0,0.0
P69910,0.0,0.0,0.0
P69922,0.0,0.0,0.0
P69924,0.0,0.0,0.0
P71241,0.0,0.0,0.0
P75682,0.0,0.0,0.0
P75691,0.0,0.0,0.0
P75713,0.0,0.0,0.0
P75726,0.0,0.0,0.0
P75728,0.0,0.0,0.0
P75792,0.0,0.0,0.0
P75796,0.0,0.0,0.0
P75797,0.0,0.0,0.0
P75798,0.0,0.0,0.0
P75799,0.0,0.0,0.0
P75804,0.0,0.0,0.0
P75806,1.0860504618666832e-10,1.0860504618667035e-10,1.0860504618667038e-10
P75809,0.0,0.20642017436555438,0.20642017436535148
P75820,0.0,0.0,0.0
P75823,0.0,0.0,0.0
P75838,0.0,0.0,0.0
P75851,0.0,0.0,0.0
P75853,0.0,0.0,0.0
P75893,0.0,0.0,0.0
P75894,0.0,0.0,0.0
P75895,0.0,0.0,0.0
P75897,0.0,0.0,0.0
P75898,0.0,0.0,0.0
P75905,0.0,0.0,0.0
P75908,0.0,0.0,0.0
P75913,0.0,0.0,0.0
P75948,0.0,0.0,0.0
P75949,0.0,0.0,0.0
P75954,0.0,0.0,0.0
P75959,0.0,0.0,0.0
P76008,0.0,0.0,0.0
P76014,0.9687744969976417,0.9687744969976417,0.9687744969976417
P76015,0.06561484490191244,0.06561484490191244,0.06561484490191244
P76038,0.0,0.0,0.0
P76052,0.0,0.0,0.0
P76077,0.0,0.0,0.0
P76078,0.0,0.0,0.0
P76079,0.0,0.0,0.0
P76080,0.0,0.0,0.0
P76081,0.0,0.0,0.0
P76082,0.0,0.0,0.0
P76083,0.0,0.0,0.0
P76084,0.0,0.0,0.0
P76085,0.0,0.0,0.0
P76108,0.0,0.0,0.0
P76112,0.0,0.0,0.0
P76113,0.0,0.0,0.0
P76129,0.0,0.0,0.0
P76142,0.0,0.0,0.0
P76143,0.0011373493850599951,0.0011373493850600164,0.0011373493850600168
P76145,0.0,0.0,0.0
P76149,0.0,0.0,0.0
P76173,0.0,0.0,0.0
P76190,0.0,0.0,0.0
P76193,0.0,0.0,0.0
P76194,0.0,0.0,0.0
P76215,0.0,0.0,0.0
P76216,0.0,0.0,0.0
P76217,0.0,0.0,0.0
P76234,0.0,0.0,0.0
P76245,0.0,0.0,0.0
P76251,0.0,0.0,0.0
P76270,0.0,0.0,0.0
P76290,0.0,0.0,0.0
P76316,0.0,0.0,0.0
P76372,0.0,0.0,0.0
P76373,0.0,0.0,0.0
P76422,1.8241945853085555e-11,1.8241945853085894e-11,1.8241945853085898e-11
P76423,0.0,0.0,0.0
P76440,0.0,0.0,0.0
P76445,0.0,0.0,0.0
P76458,0.0,0.0,0.0
P76459,0.0,0.0,0.0
P76461,4.1972644308089356e-12,4.197264430809014e-12,4.197264430809015e-12
P76469,0.0,0.0,0.0
P76472,0.0,0.0,0.0
P76473,0.0,0.0,0.0
P76491,0.0,0.0,0.0
P76503,1.0,1.0,1.0
P76514,0.0,0.0,0.0
P76518,0.0,0.0,0.0
P76535,0.0,0.0,0.0
P76536,2.1815381001592102e-07,2.1815381001592513e-07,2.1815381001592515e-07
P76558,0.0,0.0,0.0
P76577,6.9818786415007105e-12,6.9818786415008405e-12,6.981878641500842e-12
P76641,0.0,0.0,0.0
P76658,0.0,0.0,0.0
P77044,0.0,0.0,0.0
P77150,0.0,0.0,0.0
P77156,0.0,0.0,0.0
P77161,0.0,0.0,0.0
P77172,0.0,0.0,0.0
P77202,0.0,0.0,0.0
P77215,0.0,0.0,0.0
P77218,1.8626201746160735e-08,2.4189612804833106e-08,1.862620174616132e-08
P77231,0.0,0.0,0.0
P77243,0.0,0.0,0.0
P77247,0.0,0.0,0.0
P77252,0.0,0.0,0.0
P77256,0.0,0.0,0.0
P77257,0.0,0.0,0.0
P77272,0.0,0.0,0.0
P77302,0.0,0.0,0.0
P77319,0.0,0.0,0.0
P77334,0.0,0.0,0.0
P77357,0.0,0.0,0.0
P77364,0.0,0.0,0.0
P77366,0.0,0.0,0.0
P77374,0.0,0.0,0.0
P77397,0.0,0.0,0.0
P77398,0.0,0.0,0.0
P77399,0.024429102845594654,0.024429102845595116,0.026443827990501156
P77425,0.0,0.0,0.0
P77432,0.008805635790284818,0.008805635790284982,0.008805635790284984
P77433,0.0,0.0,0.0
P77434,0.0,0.0,0.0
P77444,0.0,0.0,0.0
P77454,0.0,0.0,0.0
P77455,0.0,0.0,0.0
P77467,0.0,0.0,0.0
P77475,0.0,0.0,0.0
P77488,0.03736379240075627,0.03736379240075681,0.037363792400756816
P77495,0.0,0.0,0.0
P77499,0.0,0.0,0.0
P77522,0.0,0.0,0.0
P77526,0.0,0.0,0.0
P77536,0.0,0.0,0.0
P77541,0.0,0.0,0.0
P77555,0.0,0.0,0.0
P77567,0.0,0.0,0.0
P77570,0.0,0.0,0.0
P77580,3.6553316679228074e-09,3.655331667923005e-09,3.6553316679230663e-09
P77581,0.0,0.0,0.0
P77596,0.0,0.0,0.0
P77608,0.0,0.0,0.0
P77619,0.0,0.0,0.0
P77625,0.0,0.0,0.0
P77650,0.0,0.0,0.0
P77671,0.0,0.0,0.0
P77672,0.0,0.0,0.0
P77674,0.0,0.0,0.0
P77689,0.0,0.0,0.0
P77690,0.0,0.0,0.0
P77718,6.536704323708174e-10,6.536704323708296e-10,6.536704323708297e-10
P77731,0.0,0.0,0.0
P77756,0.0,0.0,0.0
P77757,0.0,0.0,0.0
P77781,0.0,0.0,0.0
P77783,0.0,0.0,0.0
P77788,0.0,0.0,0.0
P77790,0.0,0.0,0.0
P77791,0.0,0.0,0.0
P77795,0.0,0.0,0.0
P78055,0.0,1.0,0.0
P78061,0.0,0.0,0.0
P80644,0.0,0.0,0.0
P80645,0.0,0.0,0.0
P80668,0.0,0.0,0.0
Q46799,0.0,0.0,0.0
Q46800,0.0,0.0,0.0
Q46801,0.0,0.0,0.0
Q46806,0.0,0.0,0.0
Q46810,0.0,0.0,0.0
Q46822,0.0,0.0,0.0
Q46829,0.0,0.0,0.0
Q46845,0.0,0.0,0.0
Q46851,0.0,0.0,0.0
Q46856,0.0,0.0,0.0
Q46857,0.0,0.0,0.0
Q46871,0.0,0.0,0.0
Q46877,0.0,0.0,0.0
Q46890,0.0,0.0,0.0
Q46893,0.009411345792710774,0.009411345792710902,0.009411345792710905
Q46915,0.0,0.0,0.0
Q46920,0.0,0.0,0.0
Q46925,0.0,0.0,0.0
Q46938,0.0,0.0,0.0
Q47140,0.0,0.0,0.0
Q47146,1.8023224000217116e-09,1.8023224000217451e-09,1.8023224000217455e-09
Q47537,0.0,0.0,0.0
Q47538,0.0,0.0,0.0
Q47539,0.0,0.0,0.0
Q47690,0.0,0.0,0.0
Q59385,0.0,0.0,0.0
Q6BEX0,0.0,0.0,0.0
Q6BF16,0.0,0.0,0.0
Q6BF17,0.0,0.0,0.0
Q93K97,0.0,0.0,0.0
