,chemostatµ035,chemostatµ035.1,chemostatµ035.2
O32583,1.9782391191625956e-09,1.978258165834029e-09,1.978239118217633e-09
P00350,1.0,1.0,1.0
P00363,0.0,0.0,0.0
P00370,0.002568100486052498,0.002568125211964323,0.0025681004848257115
P00393,0.0,0.0,0.0
P00448,0.0012869461171728421,0.0012935898558345536,0.0012935578236448516
P00452,0.0,0.0,0.0
P00490,0.0,0.0,0.0
P00509,0.05169859104410632,0.05169908883138068,0.05169859101940739
P00547,1.2837736023140167e-08,1.283785964073444e-08,1.2837736017006745e-08
P00550,0.0,0.0,0.0
P00561,1.1130109228537034e-08,1.1130216402160138e-08,1.1130109223219522e-08
P00562,0.0,0.0,0.0
P00634,0.0,0.0,0.0
P00722,0.0,0.0,0.0
P00805,0.0,0.0,0.0
P00816,0.0,0.0,0.0
P00861,2.334168818073386e-09,2.334191291669281e-09,2.3341688169584024e-09
P00864,0.15408316459659824,0.15406235003415794,0.15408316452298956
P00887,0.0,0.0,0.0
P00888,0.0,0.0,0.0
P00893,1.0,0.0,1.0
P00894,0.3832575348888236,0.0,0.3832575348888236
P00895,0.01607582256755779,0.016075977347082417,0.01607582255987871
P00903,1.0629317734753944e-10,1.0629420074820866e-10,1.0629317729676974e-10
P00904,0.6686495080833766,0.6686559459034365,0.6686495077639769
P00909,0.7605916440092079,0.7605989670567596,0.7605916436458893
P00926,0.0,0.0,0.0
P00934,5.8732705737594414e-08,5.8733271288699015e-08,5.8732705709533986e-08
P00935,0.08482382205229426,0.08482463874399383,0.08482382201177573
P00936,0.0,0.0,0.0
P00944,0.0,0.0,0.0
P00946,0.0,0.0,0.0
P00963,1.0,1.0,1.0
P00968,0.0,0.0,0.0
P02916,0.0,0.0,0.0
P02918,1.0,1.0,0.0
P02919,4.726811037817006e-10,4.726863780109562e-10,5.477958008672804e-10
P02924,0.0,0.0,0.0
P02925,0.0,0.0,0.0
P03959,0.0,0.0,0.0
P03960,0.0,0.0,0.0
P03961,0.0,0.0,0.0
P04036,0.9072966437580291,0.9073053792950523,0.9072966433246324
P04079,1.0834085421554939e-08,1.0834189733143614e-08,1.0834085416379728e-08
P04391,0.012664045685727984,0.012664167616345399,0.012664045679678635
P04425,0.0,0.0,0.0
P04693,0.024271594655115962,0.0242718283443015,0.024271594643521938
P04805,0.05590947568187536,0.05591001398354122,0.05590947565516859
P04825,0.0,0.0,0.0
P04951,0.3267660533676584,0.32676919950181066,0.32676605321156915
P04968,0.0002155771585964427,0.00021557923419350707,0.00021557715849346605
P04982,0.0,0.0,0.0
P04983,0.0,0.0,0.0
P05020,1.4199602358214758e-08,1.419973907331557e-08,1.4199602351431909e-08
P05041,1.0629317734753944e-10,1.0629420074820866e-10,1.0629317729676974e-10
P05042,0.0,0.0,0.0
P05194,0.17117445422021516,0.17117610230388505,0.17117445413844878
P05459,0.017128111505276804,0.017128276416337834,0.017128111497095068
P05637,0.0,0.0,0.0
P05706,0.0,0.0,0.0
P05707,0.0,0.0,0.0
P05791,0.8883190718514108,0.8883276246705945,0.8883190714270792
P05793,0.12626774332971014,0.12626895904736335,0.1262677432693946
P05804,0.0,0.0,0.0
P05847,0.0,0.0,0.0
P06149,0.0,0.0,0.0
P06282,0.0,0.0,0.0
P06609,0.0,0.0,0.0
P06610,0.0,0.0,0.0
P06611,0.0,0.0,0.0
P06715,0.038395661538854445,0.03839603121587804,0.038395661520513574
P06720,0.0,0.0,0.0
P06721,0.17229749098400926,0.1722991498803822,0.1722974909017064
P06959,0.859454518272219,0.859454518272219,0.859454518272219
P06960,0.0,0.0,0.0
P06968,0.0,0.0,0.0
P06972,0.0,0.0,0.0
P06983,7.596410870231763e-10,7.596484009186763e-10,7.596410866603118e-10
P06986,0.0013724349183026389,0.0013724481322345136,0.0013724349176470558
P06987,0.00501577523146709,0.005015823523820573,0.005015775229071161
P06988,6.9552406377981825e-09,6.955307603506162e-09,6.955240634475811e-09
P06989,2.0373768524856857e-09,2.0373964685407515e-09,2.0373768515124738e-09
P06999,1.0,1.0,1.0
P07000,0.0,0.0,0.0
P07001,1.9392028850712288e-08,1.9392285826289363e-08,1.9392028837962516e-08
P07003,0.0,0.0,0.0
P07004,0.14928020430472533,0.14928164158850732,0.1492802042334173
P07014,0.0009216661399303751,0.0009209195211066411,0.0009216661769724372
P07023,0.00022490318899814153,0.00014037062487351,0.00014036927331795366
P07024,0.0,0.0,0.0
P07102,0.0,0.0,0.0
P07109,0.0,0.0,0.0
P07623,0.2851201337534623,0.28512287891680177,0.28512013361726646
P07639,0.00302095503506262,0.0030209841211005072,0.0030209550336195742
P07650,0.0,0.0,0.0
P07654,0.0,0.0,0.0
P07762,0.0,0.0,0.0
P07821,0.0,0.0,0.0
P07822,0.0,0.0,0.0
P07862,0.05975238420991444,0.2691771716801966,0.05975238408133543
P07913,0.0,0.0,0.0
P08142,0.6447587027595142,0.9202753787529329,0.6447587023199219
P08178,1.191349844191457e-08,1.191361314619085e-08,1.1913498436222031e-08
P08179,0.0,0.0,0.0
P08192,0.017381974110896217,0.01738214146617133,0.01738197410259392
P08200,0.018240809320341337,0.018240809320341337,0.018240809320341337
P08201,0.0,0.0,0.0
P08202,0.0,0.0,0.0
P08203,0.0,0.0,0.0
P08204,0.0,0.0,0.0
P08244,0.6374186219588368,0.6374247590850014,0.6374186216543555
P08331,0.0,0.0,0.0
P08337,0.0,0.0,0.0
P08373,1.4742778131471997e-10,1.474292007632e-10,1.4742778124429684e-10
P08506,0.0,0.0,0.0
P08660,5.128862465383661e-09,5.128911851286447e-09,5.128862462933354e-09
P08722,0.0,0.0,0.0
P08839,2.170213446015965e-08,2.1702429951428473e-08,2.170213446202914e-08
P08997,0.0,4.4603385867407064e-05,0.0
P09029,8.079498371987893e-09,8.079576162153224e-09,8.079498368127324e-09
P09053,3.259975842167423e-09,3.2600072295200157e-09,3.2599758406102014e-09
P09099,0.0,0.0,0.0
P09126,0.003266648402620966,0.0032666798542175953,0.003266648401060557
P09147,0.0,0.0,0.0
P09148,0.0,0.0,0.0
P09151,0.45981325355483044,0.4598176806798813,0.45981325333518736
P09152,0.0,0.0,0.0
P09158,0.0,0.0,0.0
P09323,0.0,0.0,0.0
P09373,0.0,0.021816880457122087,0.0
P09394,0.0,0.0,0.0
P09424,0.0,0.0,0.0
P09546,0.0,0.0,0.0
P09551,0.0,0.0,0.0
P09831,0.0,0.0,0.0
P09832,0.0,0.0,0.0
P09833,5.587272563236675e-06,5.58732635801997e-06,5.587272560567754e-06
P0A6A3,0.2688817939133101,0.26888090299289497,0.2688817939575211
P0A6A6,0.0001882542557064947,0.00018825606823609216,0.0001882542556165696
P0A6A8,0.44191073322638086,0.3747013546333557,0.3747012534839302
P0A6B4,0.0,1.0,0.0
P0A6B7,0.3987017015845645,0.39870554032187205,0.39870170139411293
P0A6C5,4.036912489486135e-08,4.036951357257502e-08,4.0369124875577874e-08
P0A6C8,0.1832843071586214,0.183286071837089,0.18328430707107035
P0A6D3,0.33384730568319226,0.3338505199963048,0.3338473055237205
P0A6D5,0.0,0.0,0.0
P0A6D7,0.7479945160419031,0.7480017178031276,0.747994515684602
P0A6E1,0.0,0.0,0.0
P0A6E4,4.5823278476654975e-08,4.5823719667469924e-08,4.582327845476616e-08
P0A6E6,1.8449880297919014e-07,1.8540758480088772e-07,1.8540495984336423e-07
P0A6F1,0.0,0.0,0.0
P0A6F3,0.0,0.0,0.0
P0A6G3,0.0,0.0,0.0
P0A6G5,0.0,0.0,0.0
P0A6H8,0.0,0.0,0.0
P0A6I0,0.16758294512641345,0.16758455863069668,0.16758294504636204
P0A6I3,0.17811452945430709,0.1781162443574319,0.17811452936907918
P0A6I6,0.1700737433462276,0.17007538083192178,0.1700737432648472
P0A6I9,1.4916685526555306e-09,1.4916829145779963e-09,1.491668551941766e-09
P0A6J1,0.1529485354239647,0.15295000802678158,0.15294853535090408
P0A6J5,0.0,0.0,0.0
P0A6J8,1.0,0.0,1.0
P0A6K1,3.0849945457679136e-10,3.0850242483842037e-10,3.084994544294276e-10
P0A6K6,0.2870294881039579,0.287032441851164,0.2870294879573924
P0A6L0,0.0,0.0,0.0
P0A6L2,0.06153378128259854,0.06153437373560524,0.06153378125320513
P0A6L4,0.0,0.0,0.0
P0A6L7,0.0,0.0,0.0
P0A6P9,0.3573996923185192,0.3573995234432166,0.3573996923268985
P0A6Q3,0.0,0.0018029142290831575,0.001201870246874811
P0A6Q6,2.4587575214925374e-08,0.0006977150369057993,0.0010464970720828882
P0A6R0,1.090312213683019e-05,0.44943969705652936,0.4494125607376711
P0A6S7,0.36588182002028846,0.36588534276469026,0.3658818198454954
P0A6T1,0.1454089360030232,0.1454089360030232,0.14540893600302326
P0A6T3,0.0,0.0,0.0
P0A6T5,2.034771224628541e-08,2.034790815596512e-08,2.0347712236566563e-08
P0A6T9,0.0,0.0,0.0
P0A6U8,0.0,0.0,0.0
P0A6V1,0.0,0.0,0.0
P0A6V5,0.0,0.0,0.0
P0A6V8,1.2800226046823213e-09,1.2798663709446533e-09,1.2800226038155996e-09
P0A6W0,0.0,0.0,0.0
P0A6W3,5.549946728545179e-10,5.550000163951844e-10,5.549946725894087e-10
P0A6W9,0.0,0.0,0.0
P0A6X1,2.532228114585942e-09,2.532252495115285e-09,2.5322281133763504e-09
P0A715,0.007366980852047359,0.007367051782028667,0.007366980848528307
P0A717,1.0,1.0,1.0
P0A720,0.4137292298617043,0.41373321328546087,0.4137292296640746
P0A722,0.17600131787436682,0.1760030124315318,0.1760013177902947
P0A725,1.255241031954579e-09,1.2552531175327446e-09,1.2552410313549768e-09
P0A731,0.0,0.0,0.0
P0A738,0.0,0.0,0.0
P0A744,0.0,0.0,0.0
P0A746,0.0,0.0,0.0
P0A749,0.6341149780120222,0.6341210833303935,0.634114977709119
P0A752,0.7070432025423693,0.70705001002069,0.7070432022046859
P0A754,0.0,0.0,0.0
P0A759,0.0,0.0,0.0
P0A761,0.0,0.0,0.0
P0A763,0.0,0.0,0.0
P0A786,0.003292557801757058,0.003292589502811809,0.0032925578001842732
P0A790,0.2342213317401619,0.23422358684475622,0.23422133162808684
P0A794,0.006229491297591606,0.006229551275716996,0.006229491294615909
P0A796,1.0,1.0,1.0
P0A799,0.030808430694505937,0.030808416137259882,0.030808430695228237
P0A7A7,1.0,1.0,1.0
P0A7A9,0.028468748958948138,0.027188324693653246,0.027187640921043484
P0A7B1,0.0,0.0,0.0
P0A7B3,0.013894020186573942,0.013894153959536984,0.013894020179950973
P0A7B5,1.3256217739305431e-09,1.325634537141081e-09,1.3256217732973215e-09
P0A7D4,0.7666287235685837,0.7666361047415091,0.7666287232022161
P0A7D7,0.060618072821801906,0.060618656458271594,0.0606180727928372
P0A7E1,0.3580009868812334,0.3580044337482496,0.35800098671022385
P0A7E3,1.1004469978637534e-08,1.100457593070468e-08,1.1004469973380932e-08
P0A7E5,1.2205812229842412e-09,1.220592974854521e-09,1.2205812224011955e-09
P0A7E9,0.07628590139374525,0.07628663588154544,0.07628590135730508
P0A7F3,0.0,0.0,0.0
P0A7F6,0.0,0.0,0.0
P0A7I7,0.8145301549243478,0.8145379972967791,0.814530154535264
P0A7J0,7.975171703829856e-10,7.975248489528125e-10,7.975171700020286e-10
P0A7Z0,0.0008063999290865239,0.0008064037703333282,0.0008063999288959249
P0A817,0.005809072761846576,0.0058091286921429465,0.005809072759071706
P0A825,0.6836042057715486,0.683610790924806,0.6836042054448381
P0A836,0.03821631371118548,0.03821746348449484,0.0382163136541417
P0A840,1.0,1.0,1.0
P0A853,0.021370857131882283,0.021371062892495393,0.021370857121673872
P0A858,0.23206317517494568,0.23206308231368367,0.23206317517955333
P0A867,1.0,0.0,0.0
P0A870,0.1553861879732335,0.3105346589754936,0.31053572347329694
P0A877,0.0012834750023729817,0.0012834873597904577,0.0012834750017598929
P0A879,0.001374302579022982,0.0013743158109368687,0.0013743025783665066
P0A884,0.15080065678306454,0.15080210870590535,0.15080065671103027
P0A887,0.0,0.0,0.0
P0A8F0,0.0,0.0,0.0
P0A8F4,0.0,0.0,0.0
P0A8G3,0.0,0.0,0.0
P0A8G6,0.0,0.0,0.0
P0A8K1,0.015913873683208953,0.01591402690347456,0.01591387367560723
P0A8N5,0.0,0.0,0.0
P0A8Q0,0.0,0.0,0.0
P0A8Q3,0.0,0.0,0.0
P0A8Y1,0.0,0.0,0.0
P0A8Y3,0.0,0.0,0.0
P0A8Y5,0.0,0.0,0.0
P0A8Y8,0.0,0.0,0.0
P0A921,0.0,0.0,0.0
P0A924,0.0,0.0,0.0
P0A935,0.0,0.0,0.0
P0A951,0.0,0.0,0.0
P0A953,1.0355948723404587e-07,4.056267628101549e-07,4.056075271177653e-07
P0A955,0.0,0.0,0.0
P0A959,0.0,0.0,0.0
P0A962,0.0,0.0,0.0
P0A991,1.0,1.0,1.0
P0A993,0.0,0.0,0.0
P0A996,0.0,0.0,0.0
P0A9B2,7.45635337982808e-08,7.456349856637566e-08,7.456353380002894e-08
P0A9B6,0.001064122513779791,0.001064132759250972,0.0010641225132714822
P0A9C0,0.0,0.0,0.0
P0A9C3,0.0,0.0,0.0
P0A9C5,5.558493243814679e-08,5.5585467615074554e-08,5.558493241159047e-08
P0A9C9,0.0,0.0,0.0
P0A9D4,0.1440911457880673,0.1440925331111076,0.1440911457192377
P0A9D8,0.09698573694912235,0.09698667073687707,0.09698573690279429
P0A9G6,0.0,0.0,0.0
P0A9H3,0.0,0.0,0.0
P0A9H5,0.0,0.0,0.0
P0A9H7,0.0,0.0,0.0
P0A9I1,0.0,0.0,0.0
P0A9I8,0.0,0.0,0.0
P0A9J4,0.0,0.0,0.0
P0A9J6,0.0,0.0,0.0
P0A9J8,3.330374166199875e-05,4.825664419061236e-05,4.8256179552546917e-05
P0A9L8,0.0033369632541401964,0.003336995382734798,0.003336963252546199
P0A9M2,0.0,0.0,0.0
P0A9M5,0.0,0.0,0.0
P0A9M8,0.0,1.0,0.0
P0A9N4,0.0,1.0,0.0
P0A9N8,0.0,0.0,0.0
P0A9P0,0.48663571340104866,0.48663561665236943,0.48663571340584866
P0A9P4,0.0,0.0,0.0
P0A9P9,0.0,0.0,0.0
P0A9Q5,0.10224621309568883,0.4750226258441665,0.47499913342494376
P0A9Q7,0.667327184618901,0.0,0.0
P0A9Q9,0.13904628609184985,0.13904762497087303,0.1390462860254207
P0A9S1,0.0,0.0,0.0
P0A9S3,0.0,0.0,0.0
P0A9S5,0.0,0.0,0.0
P0A9T0,0.00016283512866181767,0.00016283512866181767,0.00016283512866181767
P0A9U8,1.515364742431659e-10,1.2737271796651736e-10,1.2737271796651733e-10
P0A9V1,0.0037063063925901482,0.003706342077255064,0.0037063063908197237
P0A9V8,0.0,0.0,0.0
P0A9X1,0.0,0.0,0.0
P0AA04,0.8077273861413009,0.8077383839715204,0.807727386210881
P0AA25,0.0,0.0,0.0
P0AA84,0.0,0.0,0.0
P0AA89,0.0,0.0,0.0
P0AAB4,3.6864255096333934e-05,3.686461002883307e-05,3.686425507872466e-05
P0AAF3,0.0,0.0,0.0
P0AAF6,0.0,0.0,0.0
P0AAG3,0.0,0.0,0.0
P0AAG8,0.0,0.0,0.0
P0AAH0,0.0,0.0,0.0
P0AAI1,0.0,0.0,0.0
P0AAI5,0.0,0.0,0.0
P0AAI9,0.0017432484346729463,0.008099069131833317,0.008098668587597058
P0AAJ1,0.0,0.0,0.0
P0AAJ3,3.060964271095198e-07,3.100890787941839e-07,3.074624740334034e-07
P0AAJ5,1.0,0.0,0.0
P0AAJ8,0.0,0.0,0.0
P0AAK1,0.0,0.0,0.0
P0AAK7,0.0,0.0,0.0
P0AAL3,0.0,0.0,0.0
P0AAM1,0.0,0.0,0.0
P0AAN3,0.0,0.0,0.0
P0AAX8,0.0,0.0,0.0
P0AB65,0.0,0.0,0.0
P0AB67,1.9392028850712288e-08,1.9392285826289363e-08,1.9392028837962516e-08
P0AB71,1.0,1.0,1.0
P0AB74,0.0,0.0,0.0
P0AB77,1.0,1.0,1.0
P0AB80,0.2674612166581439,0.26746379179977636,0.26746121653038335
P0AB87,0.0,0.0,0.0
P0AB89,0.5583098018153413,0.5583151772742667,0.5583098015485521
P0AB91,0.05868162164365618,0.058682186635802894,0.058681621615625214
P0AB96,0.0,0.0,0.0
P0AB98,1.8449880297919014e-07,1.8540758480088772e-07,1.8540495984336423e-07
P0ABA0,1.8449880297919014e-07,1.8540758480088772e-07,1.8540495984336423e-07
P0ABA4,1.8449880297919014e-07,1.8540758480088772e-07,1.8540495984336423e-07
P0ABA6,1.8449880297919014e-07,1.8540758480088772e-07,1.8540495984336423e-07
P0ABB0,1.8449880297919014e-07,1.8540758480088772e-07,1.8540495984336423e-07
P0ABB4,1.8449880297919014e-07,1.8540758480088772e-07,1.8540495984336423e-07
P0ABB8,0.0,0.0,0.0
P0ABC0,0.0,0.0,0.0
P0ABD3,0.0,0.0,0.0
P0ABD5,0.053080623292403775,0.24660568146621975,0.24659348549125665
P0ABD8,0.07899701837788935,0.367009886895333,0.36699173628596676
P0ABE9,0.0,0.0,0.0
P0ABF6,0.0,0.0,0.0
P0ABF8,0.0,0.0,0.0
P0ABG1,1.6591867799040004e-09,1.6592027547096426e-09,1.6591867791114418e-09
P0ABG4,2.1129646944206993e-11,2.1129850382425837e-11,2.112964693411381e-11
P0ABH7,0.023160574776149172,0.023160574776149172,0.023160574776149172
P0ABI8,1.0,1.0,1.0
P0ABJ1,0.5116292518741594,0.5116292518741594,0.5116292518741594
P0ABJ3,2.458481861872358e-09,2.458481861872358e-09,2.458481861872358e-09
P0ABJ6,2.458481861872358e-09,2.458481861872358e-09,2.458481861872358e-09
P0ABJ9,0.17043256126258977,0.17043256126258977,0.17043256126258977
P0ABK2,1.0,1.0,1.0
P0ABK5,0.011903935074258134,0.0,0.0
P0ABK9,0.0,0.0,0.0
P0ABL1,0.0,0.0,0.0
P0ABL3,0.0,0.0,0.0
P0ABL5,0.0,0.0,0.0
P0ABL8,0.0,0.0,0.0
P0ABM1,0.0,0.0,0.0
P0ABM5,0.0,0.0,0.0
P0ABN1,0.0,0.0,0.0
P0ABP8,0.00010127406330176268,0.00010127503837792497,0.0001012740632533862
P0ABQ0,0.1369326452545252,0.1369339636546689,0.13693264518900283
P0ABQ2,0.0,0.0,0.0
P0ABQ4,0.2880594356351618,0.2880622090983757,0.2880594354975622
P0ABR5,0.0,0.0,0.0
P0ABR9,0.0,0.0,0.0
P0ABU0,0.0,0.0,0.0
P0ABW0,0.0,0.0,0.0
P0ABY4,0.016430948134287363,0.016431106332994192,0.02477788089691028
P0ABZ4,0.5478935845561238,0.5478988597268473,0.5478935842944066
P0AC00,0.0,0.0,0.0
P0AC13,6.53362437956703e-10,6.533687285914637e-10,6.533624376446321e-10
P0AC16,8.001920833097887e-10,8.001997876341302e-10,8.001920829275863e-10
P0AC19,0.0,0.0,0.0
P0AC28,0.0,0.0,0.0
P0AC33,0.012477053668691986,0.012477049981724827,0.01247705366887339
P0AC35,0.0,0.0,0.0
P0AC38,0.0,0.0,0.0
P0AC41,0.000689086604993692,0.0006885283930683736,0.0006890866326883068
P0AC44,8.146510944440488e-12,8.139911658478509e-12,8.146511271851412e-12
P0AC47,0.0,0.0,0.0
P0AC53,0.039495819510350395,0.039495819510350395,0.039495819510350395
P0AC59,0.0,0.0,0.0
P0AC62,0.0,0.0,0.0
P0AC69,7.864264683189893e-08,7.864340401066452e-08,7.864264679433284e-08
P0AC75,2.8346749957142375e-10,2.834702288230466e-10,2.834674994360173e-10
P0AC78,0.0,0.0,0.0
P0AC81,0.0,0.0,0.0
P0AC84,0.0,0.0,0.0
P0AC86,0.0,0.0,0.0
P0AC88,0.0,0.0,0.0
P0ACB2,0.13503916649662998,0.13504046666636674,0.1350391664321246
P0ACB4,0.28381676547448315,0.2838194980888708,0.2838167653389099
P0ACC7,0.05323911074059912,0.05323962333174134,0.053239110715167924
P0ACD4,0.2920766312827441,0.29207944342389297,0.29207663114322496
P0ACD8,0.0,0.0,0.0
P0ACE0,0.0,0.0,0.0
P0ACE7,0.0,0.0,0.0
P0ACV0,0.0,0.0,0.0
P0ACV2,0.0,0.0,0.0
P0AD57,0.09281632017579577,0.09281721382001547,0.09281632013145938
P0AD61,0.0,0.0,0.0
P0AD65,5.477958011289509e-10,5.478010753582064e-10,5.477958008672804e-10
P0AD68,5.477958011289509e-10,5.478010753582064e-10,5.477958008672804e-10
P0AD70,0.0,0.0,0.0
P0ADA1,0.0,0.0,0.0
P0ADC1,0.01341090423465959,0.013411033356101032,0.013410904228253485
P0ADC6,0.02479538493156539,0.024795623663852746,0.02479538491972116
P0ADF6,0.0,0.0,0.0
P0ADF8,0.47880784197217624,0.6834108112615418,0.4788078416457282
P0ADG4,0.0,0.0,0.0
P0ADG7,0.9300713825164703,0.9300803373308101,0.930071382072195
P0ADI4,0.0,0.0,0.0
P0ADP0,0.09164269072589708,0.09164357307028537,0.09164269068212132
P0ADU2,0.3199481153317824,0.3215998174778217,0.32159185394415996
P0ADV1,0.0039615342565531755,0.003961572398575859,0.003961534254660834
P0ADV9,0.062474608821374296,0.062475210332756624,0.062474608791531494
P0AE08,0.0,0.0,0.0
P0AE12,0.0,0.0,0.0
P0AE22,0.0,0.0,0.0
P0AE26,0.0,0.0,0.0
P0AE30,0.0,0.0,0.0
P0AE34,0.0,0.0,0.0
P0AE37,0.0,0.0,0.0
P0AE52,0.0,0.0,0.0
P0AE76,0.0,0.0,0.0
P0AEA5,0.0,0.0,0.0
P0AEA8,0.025476345834619486,0.025476591123262164,0.025476345822449974
P0AEB0,0.0,0.0,0.0
P0AEB2,0.0,0.0,0.0
P0AED7,3.4638485370342827e-10,3.4638818872922676e-10,3.463848535379675e-10
P0AEE5,0.0,0.0,0.0
P0AEG6,0.0,0.0,0.0
P0AEI6,0.0,0.0,0.0
P0AEJ2,0.0,0.0,0.0
P0AEJ6,0.0,0.0,0.0
P0AEK2,1.404242127619085e-08,6.524058099357131e-08,6.523735448219549e-08
P0AEK4,5.5866282964518634e-06,0.39631725741424884,0.3962933283234077
P0AEK7,3.060964271095198e-07,3.100890787941839e-07,3.074624740334034e-07
P0AEL0,33.49857880033224,1.0,0.0
P0AEL6,0.0,0.0,0.0
P0AEM9,0.0,0.0,0.0
P0AEN1,1.0,1.0,1.0
P0AEP3,0.0,0.0,0.0
P0AEP7,0.0,0.0,0.0
P0AEP9,0.0,0.44425191535445496,0.0
P0AEQ3,0.0,0.0,0.0
P0AEQ6,0.0,0.0,0.0
P0AER3,0.0,0.0,0.0
P0AER5,0.0,0.0,0.0
P0AES0,0.0,0.0,0.0
P0AES2,0.0,0.0,0.0
P0AET8,0.0,0.0,0.0
P0AEU0,0.0,0.0,0.0
P0AEU3,0.0,0.0,0.0
P0AEW4,0.0,0.0,0.0
P0AEW6,0.0,0.0,0.0
P0AEW9,0.0,0.0,0.0
P0AEX9,0.0,0.0,0.0
P0AEY3,0.0,0.0,0.0
P0AEZ1,0.1109367058017874,0.11093777391077626,0.11093670574879529
P0AEZ7,0.0,0.0,0.0
P0AF01,2.614638380594263e-15,2.614663554577362e-15,2.614638379345306e-15
P0AF03,0.0,0.0,0.0
P0AF12,0.007146997259372183,0.007147066071330865,0.0071469972559582125
P0AF16,2.1129646944206993e-11,2.1129850382425837e-11,2.112964693411381e-11
P0AF18,0.0,0.0,0.0
P0AF24,0.0,0.0,0.0
P0AF26,0.0,0.0,0.0
P0AF32,0.0,0.0,0.0
P0AF98,0.027430978380480486,0.027431242488508298,0.027430978367377287
P0AFA9,0.0,0.0,0.0
P0AFC0,6.139309739174074e-12,6.139368849023383e-12,6.139309736241704e-12
P0AFC3,2.7896357253304295e-09,2.7896669398027645e-09,2.7896357261374178e-09
P0AFC7,2.7896357253304295e-09,2.7896669398027645e-09,2.7896357261374178e-09
P0AFD1,2.7896357253304295e-09,2.7896669398027645e-09,2.7896357261374178e-09
P0AFD4,2.7896357253304295e-09,2.7896669398027645e-09,2.7896357261374178e-09
P0AFD6,2.7896357253304295e-09,2.7896669398027645e-09,2.7896357261374178e-09
P0AFE0,2.7896357253304295e-09,2.7896669398027645e-09,2.7896357261374178e-09
P0AFE4,2.7896357253304295e-09,2.7896669398027645e-09,2.7896357261374178e-09
P0AFE8,2.7896357253304295e-09,2.7896669398027645e-09,2.7896357261374178e-09
P0AFF0,2.7896357253304295e-09,2.7896669398027645e-09,2.7896357261374178e-09
P0AFG3,0.0004688328023047132,0.0004684559369478741,0.0004688328210021638
P0AFG6,0.00023258639502521156,0.00023239943337422168,0.00023258640430095465
P0AFG8,1.0,1.0,1.0
P0AFI0,0.0,0.0,0.0
P0AFI5,0.0,0.0,0.0
P0AFI7,0.0,0.0,0.0
P0AFK4,0.0,0.0,0.0
P0AFK6,0.0,0.0,0.0
P0AFK9,0.0,0.0,0.0
P0AFL1,0.0,0.0,0.0
P0AFL6,0.0,0.0,0.0
P0AFM2,0.0,0.0,0.0
P0AFP4,0.0,0.0,0.0
P0AFQ5,0.0,0.0,0.0
P0AFR9,0.0,0.0,0.0
P0AFS1,0.0,0.0,0.0
P0AFS3,0.0,0.0,0.0
P0AFS9,0.0,0.0,0.0
P0AFT2,0.0,0.0,0.0
P0AFU8,0.35422698164091,0.3542303921713839,0.3542269814717033
P0AFV4,0.0,0.0,0.0
P0AG00,0.0,0.0,0.0
P0AG07,8.902084924816041e-11,8.901993520511406e-11,8.902084929351407e-11
P0AG16,7.427307734749272e-10,7.427379245562201e-10,7.427307731200336e-10
P0AG18,0.8754766229940342,0.8754850521647707,0.8754766225757113
P0AG20,0.0,0.0,0.0
P0AG24,0.0,0.0,0.0
P0AG40,0.02435243864168727,0.02435267310923714,0.02435243863005463
P0AG78,0.0,0.0,0.0
P0AG80,0.0,0.0,0.0
P0AG82,0.0,0.0,0.0
P0AG84,0.0,0.0,0.0
P0AGB0,1.0,1.0,1.0
P0AGC3,0.0,0.0,0.0
P0AGC5,0.0,0.0,0.0
P0AGD1,0.0,0.0,0.0
P0AGD3,0.0,0.0,0.0
P0AGE6,0.0,0.0,0.0
P0AGE9,0.04326010966971316,0.043261411190310725,0.04326010960514073
P0AGF6,0.0,0.0,0.0
P0AGG0,3.768123347248885e-10,3.7681596270932266e-10,3.768123345448932e-10
P0AGG2,1.1897090417981069,1.0,1.0
P0AGG4,0.0,0.0,0.0
P0AGH8,0.0,0.0,0.0
P0AGI1,0.0,0.0,0.0
P0AGI4,0.0,0.0,0.0
P0AGK1,1.1869605635929366e-08,1.186971991760361e-08,1.1869605630259507e-08
P0C066,0.0,0.0,0.0
P0C0T5,0.0,0.0,0.0
P0C7L2,0.0,0.0,0.0
P0C8J6,0.0,0.0,0.0
P0C8J8,0.0,0.0,0.0
P0C8K0,0.0,0.0,0.0
P0C960,0.0,0.0,0.0
P0CI31,0.0,0.0,0.0
P0DP69,0.0,0.0,0.0
P10346,0.0,0.0,0.0
P10371,0.3709673814173721,0.3709709531260487,0.37096738124016887
P10378,0.0,0.0,0.0
P10441,0.03474165864296984,0.03474199313891162,0.03474165862637448
P10902,0.946562198620548,0.9465713122102454,0.9465621981684704
P10905,0.0,0.0,0.0
P10906,0.0,0.0,0.0
P10907,0.0,0.0,0.0
P10908,0.0,0.0,0.0
P11349,0.0,0.0,0.0
P11350,0.0,0.0,0.0
P11446,2.1316711650343773e-08,2.131691688963912e-08,2.1316711640161232e-08
P11447,0.005744780303169346,0.005744835614451906,0.005744780300425186
P11454,0.0,0.0,0.0
P11458,0.6446296670009144,0.6446358735558564,0.6446296666930397
P11553,0.0,0.0,0.0
P11868,0.0,0.0,0.0
P11880,0.09313667120327158,0.09313756793186095,0.09313667115878214
P11988,0.0,0.0,0.0
P12008,0.635381290372425,0.6353874078829704,0.6353812900689169
P12281,0.0,0.0,0.0
P12282,0.0,0.0,0.0
P12758,0.0,0.0,0.0
P12995,0.002036671712059164,0.0020366913213250718,0.0020366717110862887
P12996,0.00010568865063485937,0.00010568966821508178,0.00010568865058437413
P12998,0.028853289080663733,0.02885356688283212,0.028853289066881126
P12999,1.2307075134538369e-15,1.2307193628209898e-15,1.230707512865954e-15
P13000,0.31755833628467106,0.3175613937660612,0.3175583361329801
P13001,0.00023574847291830646,0.00023575074272667347,0.0002357484728056944
P13009,1.0,1.0,1.0
P13016,0.0,0.0,0.0
P13029,0.0,0.023576718693134085,0.023576134871926373
P13033,0.0,0.0,0.0
P13035,0.0,0.0,0.0
P13482,0.0,0.0,0.0
P14081,0.0,0.0,0.0
P14175,0.0,0.0,0.0
P14176,0.0,0.0,0.0
P14407,0.0,0.0,0.0
P14900,1.7776740490368538e-09,1.777691164649016e-09,1.7776740481876967e-09
P15028,0.0,0.0,0.0
P15029,0.0,0.0,0.0
P15030,0.0,0.0,0.0
P15031,0.0,0.0,0.0
P15042,0.0,0.0,0.0
P15047,0.0,0.0,0.0
P15067,0.0,0.0,0.0
P15254,9.53862799675745e-07,9.538719835559158e-07,9.538627992199676e-07
P15288,0.0,0.0,0.0
P15639,1.3431308551198545e-08,1.3431437869092785e-08,1.3431308544781097e-08
P15640,3.0736647418451988e-09,3.0736943353765578e-09,3.0736647403765317e-09
P15723,0.0,0.0,0.0
P15770,0.5538458257417495,0.5538511582212083,0.5538458254771891
P15877,0.0,0.0,0.0
P15977,0.0,0.0,0.0
P16095,0.0,0.0,0.0
P16429,0.0,0.0,0.0
P16430,0.0,0.0,0.0
P16431,0.0,0.0,0.0
P16432,0.0,0.0,0.0
P16433,0.0,0.0,0.0
P16456,0.0,0.0,0.0
P16676,0.0,0.0,0.0
P16677,0.0,0.0,0.0
P16679,0.0,0.0,0.0
P16682,0.0,0.0,0.0
P16685,0.0,0.0,0.0
P16686,0.0,0.0,0.0
P16687,0.0,0.0,0.0
P16688,0.0,0.0,0.0
P16689,0.0,0.0,0.0
P16690,2.8573454453963592e-08,2.857374851069451e-08,2.8573454439372444e-08
P16691,0.0,0.0,0.0
P16692,0.0,0.0,0.0
P16700,0.0,0.0,0.0
P16701,0.0,0.0,0.0
P16703,0.0,0.6496445108053762,0.6496382557171135
P17109,0.0,0.0,0.0
P17115,0.0,0.0,0.0
P17169,0.1307615050177555,0.13076276400176712,0.13076150495529348
P17334,0.0,0.0,0.0
P17411,0.0,0.0,0.0
P17443,1.2965087745611041,1.2965212574689589,1.296508773941789
P17444,0.0,0.0,0.0
P17445,0.0,0.0,0.0
P17846,0.21964995956080646,0.19835344111543232,0.19835261076919125
P17854,7.864264683189893e-08,7.864340401066452e-08,7.864264679433284e-08
P17952,2.95813992297045e-09,2.9581684042185564e-09,2.958139921557409e-09
P17993,0.0,0.0,0.0
P18133,0.0,0.0,0.0
P18200,0.0,0.0,0.0
P18335,0.0,0.0,0.0
P18775,0.0,0.0,0.0
P18776,0.0,0.0,0.0
P18777,0.0,0.0,0.0
P18843,0.01372947623780587,0.013729608426491801,0.013729476231248677
P18956,0.0,0.0,0.0
P19317,0.0,0.0,0.0
P19318,0.0,0.0,0.0
P19319,0.0,0.0,0.0
P19624,0.07078633335219095,0.07078701488963517,0.0707863333183778
P19636,0.0,0.0,0.0
P19642,0.0,1.0540148633905658e-08,1.053984897099914e-08
P19925,0.0,0.0,0.0
P19926,0.0,0.0,0.0
P20099,0.0,0.0,0.0
P20966,0.0,0.0,0.0
P21151,1.5020643989662333e-07,1.3294708324460627e-07,1.3294667610052748e-07
P21156,0.8838661880463137,0.8838746979927128,0.8838661876241076
P21169,0.0,0.0,0.0
P21170,0.0,0.0,0.0
P21177,0.06709706237349611,0.06706277365281735,0.06706212971330504
P21179,0.027697894761246806,0.0,0.0
P21369,0.0,0.0,0.0
P21437,0.0,0.0,0.0
P21514,0.0,0.0,0.0
P21515,0.0,0.0,0.0
P21517,0.0,0.0,0.0
P21599,0.0,0.0,0.0
P21645,1.0829206218644398,1.0829310483255654,1.0829206213471514
P21829,0.0,0.0,0.0
P22106,7.555036692913963e-09,7.555120729030618e-09,7.555036688744676e-09
P22188,2.2755250152650507e-09,2.2755469242329227e-09,2.275525014178081e-09
P22255,2.310938063297977e-09,2.3109603132259816e-09,2.3109380621940853e-09
P22256,0.0,0.18608628021445062,0.1860844884866856
P22259,0.0,0.0,0.0
P22333,0.0,0.0,0.0
P22525,0.0,0.0,0.0
P22564,0.0,0.0,0.0
P22634,2.432707480752285e-10,2.4327309030876485e-10,2.432707479590232e-10
P22939,1.207908497726316e-10,1.2079201275824013e-10,1.2079084971493217e-10
P23200,0.0,0.0,0.0
P23256,0.0,0.0,0.0
P23331,0.0,0.0,0.0
P23522,0.0,0.0,0.0
P23524,0.0,0.0,0.0
P23538,0.0,0.0,0.0
P23721,0.0016617722376414687,0.0016617795951276253,0.0016617722372764413
P23830,0.031087919813870938,0.03108821913127322,0.031087919799020897
P23845,0.5634957914714456,0.5635012168616759,0.5634957912022743
P23857,0.0,0.0,0.0
P23871,0.0,0.0,0.0
P23876,0.0,0.0,0.0
P23877,0.0,0.0,0.0
P23878,0.0,0.0,0.0
P23883,0.0,0.0,0.0
P23893,0.11224117954287659,0.11224226021146075,0.11224117948926135
P23908,0.004405920795500636,0.004405963216118519,0.004405920793396021
P23917,0.0,0.0,0.0
P23930,0.0,0.0,0.0
P24169,0.0,0.0,0.0
P24173,0.0,0.0,0.0
P24174,0.0,0.0,0.0
P24175,0.0,0.0,0.0
P24182,0.11627293412931924,0.5401889499127462,0.5401622346689233
P24183,3.060964271095198e-07,3.100890787941839e-07,3.074624740334034e-07
P24186,4.6120914359469256e-09,4.612135856441404e-09,4.612091433743082e-09
P24203,0.0,0.0,0.0
P24205,0.0,0.0,0.0
P24215,0.0,0.0,0.0
P24224,0.0,0.0,0.0
P24228,0.0,0.0,0.0
P24232,0.0,0.0,0.0
P24240,0.0,0.0,0.0
P24241,0.0,0.0,0.0
P25397,0.0,0.0,0.0
P25437,0.0,0.0,0.0
P25516,1.0,1.0,1.0
P25519,0.0,0.0,0.0
P25524,0.0,0.0,0.0
P25526,0.0,0.0,0.0
P25534,0.0,0.0,0.0
P25535,0.008492880339773173,0.008492962110020149,0.008492880335716303
P25536,0.0,0.0,0.0
P25539,0.010818491350710394,0.010818595512155867,0.01081849134554263
P25552,0.0,0.0,0.0
P25553,1.4051564404724405e-06,1.4051699694502867e-06,1.4051564398012838e-06
P25665,0.9035895211761712,0.903601627977809,0.9035895205755162
P25718,0.0,0.0,0.0
P25740,0.0,0.0,0.0
P25741,0.0,0.0,0.0
P25742,0.0,0.0,0.0
P25889,0.0,0.0,0.0
P26281,1.3565141497523605e-11,1.3565272103976748e-11,1.3565141491044374e-11
P26365,0.0,0.0,0.0
P26458,1.6187121777711751e-12,1.6187121777711751e-12,1.6187121777711751e-12
P26459,1.0,1.0,1.0
P26602,0.05209865887502898,0.05209916048579387,0.052098658850142546
P26612,0.0,0.0,0.0
P26616,0.0,0.0,0.0
P26646,0.0,0.0,0.0
P26647,0.06527750160773924,0.0652781301056357,0.06527750157655754
P27126,0.0,0.0,0.0
P27127,0.0,0.0,0.0
P27128,0.0,0.0,0.0
P27129,0.0,0.0,0.0
P27240,0.0,0.0,0.0
P27241,0.0,0.0,0.0
P27242,0.0,0.0,0.0
P27243,0.0,0.0,0.0
P27247,0.07942102764031525,0.07942218480451396,0.07942102758290483
P27248,0.0,0.0,0.0
P27250,0.0,0.0,0.0
P27253,0.0,0.0,0.0
P27254,0.0,0.0,0.0
P27278,0.0,0.0,0.0
P27300,8.629735493817818e-10,8.62981858171903e-10,8.629735489695575e-10
P27302,0.08100885869315569,0.10629932781232292,0.0
P27306,0.0,0.0,0.0
P27550,0.0,0.0,0.0
P27828,0.0,0.0,0.0
P27829,0.0,0.0,0.0
P27830,0.0,0.0,0.0
P27832,0.0,0.0,0.0
P27833,0.0,0.0,0.0
P27835,0.0,0.0,0.0
P27836,0.0,0.0,0.0
P27848,0.0,0.0,0.0
P28248,0.0,0.0,0.0
P28305,1.9870842785212e-13,1.987103410354787e-13,1.9870842775720926e-13
P28306,0.0,0.0,0.0
P28629,0.0,0.0,0.0
P28635,0.0,0.0,0.0
P28861,0.0,0.0,0.0
P28903,0.11760287498229609,0.11760400727378587,0.11760287492611969
P28904,0.0,0.0,0.0
P29012,0.4031500420771914,0.26561617404435645,0.4031500418846154
P29208,0.0,0.0,0.0
P29680,7.488645208867323e-11,7.488717310244447e-11,7.488645205290155e-11
P30011,1.7321190007519594e-09,1.732135677756284e-09,1.7321189999247002e-09
P30125,0.053994136016014875,0.053994655876611126,0.05399413599022302
P30126,0.000103834699307738,0.00010383569903794348,0.00010383469925813837
P30136,5.395205366850434e-13,5.39525731239278e-13,5.395205364273258e-13
P30137,1.196959439389637e-10,1.1969709638271736e-10,1.1969594388178746e-10
P30138,1.9782391191625956e-09,1.978258165834029e-09,1.978239118217633e-09
P30139,9.130597351448582e-14,9.130685261694647e-14,9.130597347087089e-14
P30140,1.9782391191625956e-09,1.978258165834029e-09,1.978239118217633e-09
P30147,0.0,0.0,0.0
P30235,0.0,0.0,0.0
P30744,0.0,0.0,0.0
P30745,0.0,0.0,0.0
P30748,0.0,0.0,0.0
P30749,0.0,0.0,0.0
P30750,0.0,0.0,0.0
P30859,0.0,0.0,0.0
P30860,0.0,0.0,0.0
P30863,0.0,0.0,0.0
P31057,0.018664867839631727,0.018665047546701556,0.018664867830700576
P31119,2.1364583467007416e-08,1.7957822220731658e-08,1.7957822220731655e-08
P31120,0.48176162967542396,0.48176626812149487,0.48176162944529666
P31129,0.0,0.0,0.0
P31133,0.0,0.0,0.0
P31134,0.0,0.0,0.0
P31135,0.0,0.0,0.0
P31142,0.0,0.0,0.0
P31434,0.0,0.0,0.0
P31441,0.0,0.0,0.0
P31459,0.0,0.0,0.0
P31467,0.0,0.0,0.0
P31545,0.0,0.0,0.0
P31547,0.0,0.0,0.0
P31548,0.0,0.0,0.0
P31549,0.0,0.0,0.0
P31550,0.0,0.0,0.0
P31551,0.0,0.0,0.0
P31552,0.0,0.0,0.0
P31554,0.009255951165905859,0.009256040283070184,0.009255951161484486
P31572,0.0,0.0,0.0
P31658,0.0,0.0,0.0
P31660,0.0,0.0,0.0
P31663,0.026721902763330124,0.026722160044275644,0.026721902750543675
P31677,0.0,0.0,0.0
P31678,0.0,0.0,0.0
P31806,0.0,0.0,0.0
P31979,2.7896357253304295e-09,2.7896669398027645e-09,2.7896357261374178e-09
P32055,0.0,0.0,0.0
P32056,0.0,0.0,0.0
P32099,0.0,0.0,0.0
P32125,0.0,0.0,0.0
P32131,0.0,0.0,0.0
P32138,0.0,0.0,0.0
P32140,0.0,0.0,0.0
P32141,0.0,0.0,0.0
P32143,0.0,0.0,0.0
P32166,0.0,0.0,0.0
P32169,0.0,0.0,0.0
P32170,0.0,0.0,0.0
P32171,0.0,0.0,0.0
P32173,0.0,0.0,0.0
P32176,0.37604125373606395,0.011225588284728496,1.0
P32662,0.0,0.0,0.0
P32664,0.0,0.0,0.0
P32669,9.283723092328913e-08,9.266495866645329e-08,9.283723092501136e-08
P32674,3.054635135218769e-07,3.051857658914267e-07,3.054635135648111e-07
P32675,3.054635135218769e-07,3.051857658914267e-07,3.054635135648111e-07
P32709,0.0,0.0,0.0
P32718,0.0,0.0,0.0
P32719,0.0,0.0,0.0
P32720,0.0,0.0,0.0
P32721,0.0,0.0,0.0
P33013,0.0,0.0,0.0
P33018,0.0,0.0,0.0
P33022,0.0,0.0,0.0
P33025,0.0,0.0,0.0
P33030,0.0,0.0,0.0
P33195,0.0,0.0,0.0
P33221,0.04128550936803985,0.041285906868782044,0.04128550934831269
P33225,0.0,0.0,0.0
P33226,0.0,0.0,0.0
P33232,0.0,3.990267655000265e-07,0.0
P33359,0.0,0.0,0.0
P33360,0.0,0.0,0.0
P33361,0.0,0.0,0.0
P33362,0.0,0.0,0.0
P33363,0.0,0.0,0.0
P33570,0.0761028301473135,0.0,0.3198601656074655
P33590,0.0,0.0,0.0
P33591,0.0,0.0,0.0
P33593,0.0,0.0,0.0
P33594,0.0,0.0,0.0
P33599,0.8421644269372852,0.8421738502888603,0.8421644271809072
P33602,0.8753384517915329,0.8753482463419967,0.8753384520447516
P33607,2.7896357253304295e-09,2.7896669398027645e-09,2.7896357261374178e-09
P33931,0.0,0.0,0.0
P33934,0.0,0.0,0.0
P33937,0.0,0.0,0.0
P33940,0.0,0.0,0.0
P35340,0.0,0.0,0.0
P36548,0.0,0.0,0.0
P36553,1.3964241924622783e-09,1.3964376373651303e-09,1.3964241917952362e-09
P36561,0.0,0.0,0.0
P36562,0.0,0.0,0.0
P36649,0.0,0.0,0.0
P36655,0.0,0.0,0.0
P36672,0.0,0.0,0.0
P36683,1.0,1.0,1.0
P36937,0.0,0.0,0.0
P36938,0.0,0.0,0.0
P37001,0.0,0.0,0.0
P37028,0.0,0.0,0.0
P37051,0.0,0.0,0.0
P37095,0.0,0.0,0.0
P37128,0.0,0.0,0.0
P37146,0.0,0.0,0.0
P37180,0.0,0.0,0.0
P37188,0.0,0.0,0.0
P37306,2.0909819061894682e-10,2.0910020383590093e-10,2.0909819051906502e-10
P37329,1.213395183617338e-07,1.2134068662997588e-07,1.213395183037725e-07
P37330,0.0,0.0,0.0
P37339,0.0,0.0,0.0
P37349,1.1162285490822928e-08,1.1162281317522815e-08,1.1162285491030001e-08
P37351,0.0,0.0,0.0
P37353,0.0,0.0,0.0
P37355,0.0,0.0,0.0
P37387,0.0,0.0,0.0
P37388,0.0,0.0,0.0
P37595,0.0,0.0,0.0
P37596,0.0,0.0,0.0
P37610,0.0,0.0,0.0
P37617,0.0,0.0,0.0
P37623,0.0,0.0,0.0
P37646,0.0,0.0,0.0
P37647,0.0,0.0,0.0
P37661,0.0,0.0,0.0
P37666,0.0,0.0,0.0
P37672,0.0,0.0,0.0
P37677,0.0,0.0,0.0
P37678,0.0,0.0,0.0
P37679,0.0,0.0,0.0
P37680,0.0,0.0,0.0
P37685,0.0,0.0,0.0
P37686,1.5018280874716444e-12,1.5018280874716444e-12,1.5018280874716444e-12
P37689,0.0,0.0,0.0
P37691,0.0,0.0,0.0
P37692,0.0,0.0,0.0
P37744,0.0,0.0,0.0
P37745,0.0,0.0,0.0
P37747,0.0,0.0,0.0
P37748,0.0,0.0,0.0
P37749,0.0,0.0,0.0
P37750,0.0,0.0,0.0
P37759,0.0,0.0,0.0
P37760,0.0,0.0,0.0
P37766,0.0,0.0,0.0
P37769,0.0,0.0,0.0
P37772,0.0,0.0,0.0
P37773,0.0,0.0,0.0
P37774,0.0,0.0,0.0
P37794,0.0,0.0,0.0
P37902,0.0,0.0,0.0
P37906,0.0,0.0,0.0
P38038,0.23699974757075595,0.2140210522603552,0.21402015632643415
P38051,0.0,0.0,0.0
P38135,0.0,0.0,0.0
P38489,0.0,0.0,0.0
P39160,0.0,0.0,0.0
P39172,0.0,0.0,0.0
P39176,0.0,0.0,0.0
P39208,0.0,0.0,0.0
P39265,0.0,0.0,0.0
P39280,0.0,0.0,0.0
P39286,0.0,0.0,0.0
P39300,0.0,0.0,0.0
P39301,0.0,0.0,0.0
P39304,0.0,0.0,0.0
P39305,0.0,0.0,0.0
P39306,0.0,0.0,0.0
P39325,0.0,0.0,0.0
P39328,0.0,0.0,0.0
P39346,0.0,0.0,0.0
P39358,0.0,0.0,0.0
P39359,0.0,0.0,0.0
P39400,0.0,0.0,0.0
P39411,0.0,0.0,0.0
P39451,0.0,0.0,0.0
P39452,0.0,0.0,0.0
P39829,0.0,0.0,0.0
P39831,0.0,0.0,0.0
P39832,0.0,0.0,0.0
P40191,0.0,0.0,0.0
P40874,0.0,0.0,0.0
P41052,0.0,0.0,0.0
P41409,0.0,0.0,0.0
P42588,0.0,0.0,0.0
P42604,0.0,0.0,0.0
P42630,0.0,0.0,0.0
P42632,0.0,0.0,0.0
P43337,0.0,0.0,0.0
P43341,7.311490085741968e-11,7.311560481452981e-11,7.311490082249423e-11
P45395,0.10574980803008725,0.10575082619913881,0.1057498079795728
P45425,0.0,0.0,0.0
P45541,0.0,0.0,0.0
P45543,0.0,0.0,0.0
P45563,0.0,0.0,0.0
P45568,6.692494677976127e-12,6.692559113941546e-12,6.69249467477925e-12
P45578,0.013142741105924035,0.013142867645465765,0.013142741099646025
P45799,0.0,0.0,0.0
P46022,2.1129646944206993e-11,2.1129850382425837e-11,2.112964693411381e-11
P46859,0.0,0.0,0.0
P46883,0.0,0.0,0.0
P46891,0.0,0.0,0.0
P46923,0.0,0.0,0.0
P50457,1.4973987283309259e-09,8.331029723425623e-10,8.330949508284291e-10
P51020,0.0,0.0,0.0
P51025,0.0,0.0,0.0
P51981,0.0,0.0,0.0
P52005,0.0,0.0,0.0
P52006,1.8669419396374234e-12,1.866959914729193e-12,1.8669419387456246e-12
P52043,0.0,0.0,0.0
P52045,0.0,0.0,0.0
P52061,0.0,0.0,0.0
P52073,0.0,0.0,0.0
P52074,0.0,0.7965115668480782,0.0
P52086,0.0,0.0,0.0
P52094,0.0,0.0,0.0
P52095,0.0,0.0,0.0
P52643,0.0,0.0,0.0
P52647,0.948253042149565,0.9482621720186263,0.9482530416966043
P52697,0.01029961849346753,0.01029961849346753,0.01029961849346753
P54745,0.0,0.0,0.0
P54746,0.0,0.0,0.0
P55734,0.0,0.0,0.0
P56100,2.8741454524577146e-10,2.8741454524577146e-10,2.8741454524577146e-10
P56258,0.0,0.0,0.0
P56579,0.0,0.0,0.0
P56580,0.0,0.0,0.0
P60472,2.3419428131320763e-12,2.3419653615767175e-12,2.341942812013362e-12
P60546,0.6647818259612518,0.664788226542906,0.6647818256436997
P60560,0.0,0.0,0.0
P60595,0.05348661510535047,0.05348713007948788,0.05348661507980104
P60651,0.0,0.0,0.0
P60664,0.08742695966082933,0.08742780141578146,0.08742695961906732
P60716,0.0,0.0,0.0
P60720,0.0,0.0,0.0
P60752,0.17301659800085703,0.17301826382085964,0.17301659791821067
P60757,0.9006612207027025,0.9006698923532513,0.9006612202724756
P60782,9.806181529762251e-10,9.806324405805655e-10,9.806181522673737e-10
P60932,0.0,0.0,0.0
P61517,3.856037119159042e-06,5.937750054468541e-06,5.937587236129197e-06
P61714,6.438148795966189e-05,6.4382107830643e-05,6.438148792890823e-05
P61887,0.0,0.0,0.0
P61889,0.0026595466057276495,0.0026612312455106353,0.002659546605766317
P61949,0.20046659318732774,0.20046852329845766,0.20000012203236783
P62601,0.0,0.0,0.0
P62615,3.390879839508089e-10,3.3909124872166934e-10,3.390879837888331e-10
P62617,0.03401838075232219,0.03401870828447743,0.034018380736072266
P62620,1.834922205994576e-09,1.8349398727973907e-09,1.834922205118069e-09
P62623,1.0090206152312249,1.0090303301761836,1.0090206147492353
P62707,0.0925187247093062,0.09251868099318677,0.0925187247114753
P63224,0.0,0.0,0.0
P63228,0.0,0.0,0.0
P63883,0.0,0.0,0.0
P64461,0.00024836687796837923,0.00024836926926793127,0.0002483668778497396
P64636,0.0,0.0,0.0
P65870,0.0,0.0,0.0
P66899,0.0,0.0,0.0
P67910,0.0,0.0,0.0
P68066,0.0,0.0,0.0
P68183,0.0,0.0,0.0
P68187,0.0,0.0,0.0
P68688,0.0,0.0,0.0
P68699,1.8449880297919014e-07,1.8540758480088772e-07,1.8540495984336423e-07
P68767,0.0,0.0,0.0
P69054,0.0015394311998545636,0.0015381841449158395,0.0015394312617248041
P69330,0.0,0.0,0.0
P69432,0.0,0.0,0.0
P69441,0.15026341087915526,0.14757815980858732,0.14757690260150388
P69451,0.0,0.0,0.0
P69490,0.0,0.0,0.0
P69503,0.0,0.0,0.0
P69739,0.0,0.0,0.0
P69741,0.0,0.0,0.0
P69776,0.0,0.0,0.0
P69783,0.1782233979337049,0.1782284651066664,0.1782233979618155
P69786,0.7046052756982609,0.0,0.0
P69791,0.0,0.0,0.0
P69795,0.0,0.0,0.0
P69797,0.0,0.0,0.0
P69801,0.0,0.0,0.0
P69805,0.0,0.0,0.0
P69811,0.0,0.0,0.0
P69820,0.0,0.0,0.0
P69822,0.0,0.0,0.0
P69824,0.0,0.0,0.0
P69826,0.0,0.0,0.0
P69828,0.0,0.0,0.0
P69831,0.0,0.0,0.0
P69874,0.0,0.0,0.0
P69902,0.0,0.0,0.0
P69908,0.0,0.0,0.0
P69910,0.0,0.0,0.0
P69922,0.0,0.0,0.0
P69924,0.0,0.0,0.0
P71241,0.0,0.0,0.0
P75682,0.0,0.0,0.0
P75691,0.0,0.0,0.0
P75713,0.0,0.0,0.0
P75726,0.0,0.0,0.0
P75728,0.0,0.0,0.0
P75792,0.0,0.0,0.0
P75796,0.0,0.0,0.0
P75797,0.0,0.0,0.0
P75798,0.0,0.0,0.0
P75799,0.0,0.0,0.0
P75804,0.0,0.0,0.0
P75806,3.286774806773706e-10,3.2868064521492383e-10,3.286774805203683e-10
P75809,0.0,0.0,0.0
P75820,0.0,0.0,0.0
P75823,0.0,0.0,0.0
P75838,0.0,0.0,0.0
P75851,0.0,0.0,0.0
P75853,0.0,0.0,0.0
P75893,0.0,0.0,0.0
P75894,0.0,0.0,0.0
P75895,0.0,0.0,0.0
P75897,0.0,0.0,0.0
P75898,0.0,0.0,0.0
P75905,0.0,0.0,0.0
P75908,0.0,0.0,0.0
P75913,0.0,0.0,0.0
P75948,0.0,0.0,0.0
P75949,0.0,0.0,0.0
P75954,0.0,0.0,0.0
P75959,0.0,0.0,0.0
P76008,0.0,0.0,0.0
P76014,1.1162285490822928e-08,1.1162281317522815e-08,1.1162285491030001e-08
P76015,1.1162285490822928e-08,1.1162281317522815e-08,1.1162285491030001e-08
P76038,0.0,0.0,0.0
P76052,0.0,0.0,0.0
P76077,0.0,0.0,0.0
P76078,0.0,0.0,0.0
P76079,0.0,0.0,0.0
P76080,0.0,0.0,0.0
P76081,0.0,0.0,0.0
P76082,0.0,0.0,0.0
P76083,0.0,0.0,0.0
P76084,0.0,0.0,0.0
P76085,0.0,0.0,0.0
P76108,0.0,0.0,0.0
P76112,0.0,0.0,0.0
P76113,0.0,0.0,0.0
P76129,0.0,0.0,0.0
P76142,0.0,0.0,0.0
P76143,0.022398392159832387,0.022398607813648937,0.022398392149133146
P76145,0.0,0.0,0.0
P76149,0.0,0.0,0.0
P76173,0.0,0.0,0.0
P76190,0.0,0.0,0.0
P76193,0.0,0.0,0.0
P76194,0.0,0.0,0.0
P76215,0.0,0.0,0.0
P76216,0.0,0.0,0.0
P76217,0.0,0.0,0.0
P76234,0.0,0.0,0.0
P76245,0.0,0.0,0.0
P76251,0.0,0.0,0.0
P76270,0.0,0.0,0.0
P76290,0.0,0.0,0.0
P76316,0.0,0.0,0.0
P76372,0.0,0.0,0.0
P76373,0.0,0.0,0.0
P76422,5.520661346932113e-11,5.520714500376381e-11,5.520661344295009e-11
P76423,0.0,0.0,0.0
P76440,0.0,0.0,0.0
P76445,0.0,0.0,0.0
P76458,0.0,0.0,0.0
P76459,0.0,0.0,0.0
P76461,1.2702414365570822e-11,1.0676908319005964e-11,1.0676908319005962e-11
P76469,0.0,0.0,0.0
P76472,0.0,0.0,0.0
P76473,0.0,0.0,0.0
P76491,0.0,0.0,0.0
P76503,1.0,1.0,1.0
P76514,0.0,0.0,0.0
P76518,0.0,0.0,0.0
P76535,0.0,0.0,0.0
P76536,8.136337120264766e-07,8.136415457680246e-07,8.136337116378209e-07
P76558,0.0,0.0,0.0
P76577,0.0,0.0,0.0
P76641,0.0,0.0,0.0
P76658,0.0,0.0,0.0
P77044,0.0,0.0,0.0
P77150,0.0,0.0,0.0
P77156,0.0,0.0,0.0
P77161,0.0,0.0,0.0
P77172,0.0,0.0,0.0
P77202,0.0,0.0,0.0
P77215,0.0,0.0,0.0
P77218,3.322670960514335e-08,3.001807599159685e-08,3.322670961060667e-08
P77231,0.0,0.0,0.0
P77243,0.0,0.0,0.0
P77247,0.0,0.0,0.0
P77252,0.0,0.0,0.0
P77256,0.0,0.0,0.0
P77257,0.0,0.0,0.0
P77272,0.0,0.0,0.0
P77302,0.0,0.0,0.0
P77319,0.0,0.0,0.0
P77334,0.0,0.0,0.0
P77357,0.0,0.0,0.0
P77364,0.0,0.0,0.0
P77366,0.0,0.0,0.0
P77374,0.0,0.0,0.0
P77397,0.0,0.0,0.0
P77398,0.0,0.0,0.0
P77399,0.10669678521996354,0.09406861885255256,0.0940683540573247
P77425,0.0,0.0,0.0
P77432,0.26547851140675716,0.26548106745871786,0.2654785112799437
P77433,0.0,0.0,0.0
P77434,0.0,0.0,0.0
P77444,0.0,0.0,0.0
P77454,0.0,0.0,0.0
P77455,0.0,0.0,0.0
P77467,0.0,0.0,0.0
P77475,0.0,0.0,0.0
P77488,0.18975088953044517,0.1897527164697765,0.18975088943980487
P77495,0.0,0.0,0.0
P77499,0.0,0.0,0.0
P77522,0.0,0.0,0.0
P77526,0.0,0.0,0.0
P77536,0.0,0.0,0.0
P77541,0.0,0.0,0.0
P77555,0.0,0.0,0.0
P77567,0.0,0.0,0.0
P77570,0.0,0.0,0.0
P77580,0.0,1.1231631677678517e-08,1.1231523108938885e-08
P77581,0.0,0.0,0.0
P77596,0.0,0.0,0.0
P77608,0.0,0.0,0.0
P77619,0.0,0.0,0.0
P77625,0.0,0.0,0.0
P77650,0.0,0.0,0.0
P77671,0.0,0.0,0.0
P77672,0.0,0.0,0.0
P77674,0.0,0.0,0.0
P77689,0.0,0.0,0.0
P77690,0.0,0.0,0.0
P77718,1.9782391191625956e-09,1.978258165834029e-09,1.978239118217633e-09
P77731,0.0,0.0,0.0
P77756,0.0,0.0,0.0
P77757,0.0,0.0,0.0
P77781,0.0,0.0,0.0
P77783,0.0,0.0,0.0
P77788,0.0,0.0,0.0
P77790,0.0,0.0,0.0
P77791,0.0,0.0,0.0
P77795,0.0,0.0,0.0
P78055,0.0,1.0,0.0
P78061,0.0,0.0,0.0
P80644,0.0,0.0,0.0
P80645,0.0,0.0,0.0
P80668,0.0,0.0,0.0
Q46799,0.0,0.0,0.0
Q46800,0.0,0.0,0.0
Q46801,0.0,0.0,0.0
Q46806,0.0,0.0,0.0
Q46810,0.0,0.0,0.0
Q46822,0.0,0.0,0.0
Q46829,0.0,0.0,0.0
Q46845,0.0,0.0,0.0
Q46851,0.0,0.0,0.0
Q46856,0.0,0.0,0.0
Q46857,0.0,0.0,0.0
Q46871,0.0,0.0,0.0
Q46877,0.0,0.0,0.0
Q46890,0.0,0.0,0.0
Q46893,0.038061304600681294,0.03806167105848591,0.03806130458250014
Q46915,0.0,0.0,0.0
Q46920,0.0,0.0,0.0
Q46925,0.0,0.0,0.0
Q46938,0.0,0.0,0.0
Q47140,0.0,0.0,0.0
Q47146,5.454468338325198e-09,4.777616440440805e-09,4.777604792745189e-09
Q47537,0.0,0.0,0.0
Q47538,0.0,0.0,0.0
Q47539,0.0,0.0,0.0
Q47690,0.0,0.0,0.0
Q59385,0.0,0.0,0.0
Q6BEX0,0.0,0.0,0.0
Q6BF16,0.0,0.0,0.0
Q6BF17,0.0,0.0,0.0
Q93K97,0.0,0.0,0.0
