,glucose_1,glucose_2,glucose_3
O32583,1.8813348589437043e-06,1.881334858943704e-06,1.7654663077661497e-06
P00350,2.5121236161478508e-05,2.414563374803156e-05,2.223586572834202e-05
P00363,7.321106884208473e-08,0.0,0.0
P00370,3.064391230133685e-08,3.064391230133713e-08,2.8624177291302514e-08
P00393,0.0,0.0,0.0
P00448,0.0,0.0,0.0
P00452,0.0,0.0,0.0
P00490,0.0,0.0,0.0
P00509,4.8863561383815274e-08,4.886356138381529e-08,7.158660590938878e-07
P00547,1.3175240080862204e-05,1.3175240080862334e-05,1.2156276060648027e-05
P00550,0.0,0.0,0.0
P00561,1.6557609397112505e-05,1.6557609397112654e-05,1.5302696845736022e-05
P00562,0.0,0.0,0.0
P00634,0.0,0.0,0.0
P00722,0.0,0.0,0.0
P00805,0.0,0.0,0.0
P00816,0.0,0.0,0.0
P00861,2.219829302516159e-06,2.219829302516159e-06,2.0831133936383314e-06
P00864,1.2709636161694587e-07,8.993154382075192e-07,8.368956559038145e-07
P00887,0.0,0.0,2.967875334874397e-07
P00888,0.0,0.0,0.0
P00893,2.493499122499424e-06,2.493499122499418e-06,5.445156271394611e-07
P00894,2.493499122499424e-06,2.493499122499418e-06,5.445156271394611e-07
P00895,4.170104673072036e-08,4.170104673072036e-08,3.9132742718116803e-08
P00903,1.0108639439729895e-07,1.0108639439727593e-07,9.486063718722127e-08
P00904,1.349579620508408e-06,1.349579620508408e-06,1.2664610653061401e-06
P00909,7.338878732262292e-07,7.338878732262292e-07,6.886888358548366e-07
P00926,0.0,0.0,0.0
P00934,6.0276788469292756e-05,6.027678846929335e-05,5.561502304207402e-05
P00935,1.2877362355291102e-07,1.2877362355291102e-07,1.2084422234320696e-07
P00936,0.0,0.0,0.0
P00944,0.0,0.0,0.0
P00946,0.0,0.0,0.0
P00963,3.440288125416846e-06,3.440288125416846e-06,3.440288125416846e-06
P00968,0.0,0.0,0.0
P02916,0.0,0.0,0.0
P02918,5.209619637302208e-07,5.209619637302208e-07,3.094173062950493e-07
P02919,0.0,0.0,1.7945940282508799e-07
P02924,0.0,0.0,0.0
P02925,0.0,0.0,0.0
P03959,0.0,0.0,0.0
P03960,0.0,0.0,0.0
P03961,0.0,0.0,0.0
P04036,1.976557000093434e-06,1.976557000093434e-06,1.8548238621398502e-06
P04079,1.030337655893348e-05,1.0303376558933479e-05,9.668807275084299e-06
P04391,8.807465090098312e-09,8.807465090098312e-09,8.265026717319978e-09
P04425,0.0,0.0,0.0
P04693,7.580333434950918e-07,7.580333434951039e-07,3.56680404082597e-08
P04805,1.6418685971331062e-07,1.641868597133106e-07,1.540748408630061e-07
P04825,0.0,0.0,0.0
P04951,1.7988193572960459e-07,1.798819357296046e-07,1.6880328103029945e-07
P04968,4.8225635738048746e-11,4.8225635738048746e-11,4.525549221680364e-11
P04982,0.0,0.0,0.0
P04983,0.0,0.0,0.0
P05020,1.3504033279332269e-05,1.3504033279332274e-05,1.2672340418440815e-05
P05041,1.0108639439729895e-07,1.0108639439727593e-07,9.486063718722127e-08
P05042,0.0,0.0,0.0
P05194,1.244644880171291e-07,1.2446448801712906e-07,1.1679890959495596e-07
P05459,1.612561125639452e-08,1.612561125639452e-08,1.5132459397091832e-08
P05637,0.0,0.0,0.0
P05706,0.0,0.0,0.0
P05707,0.0,0.0,0.0
P05791,8.985301878655706e-07,8.985301878655691e-07,8.431910808680339e-07
P05793,4.535870733849075e-06,4.535870733849066e-06,4.256513357483414e-06
P05804,0.0,0.0,0.0
P05847,0.0,0.0,0.0
P06149,0.0,0.0,0.0
P06282,0.0,0.0,0.0
P06609,0.0,0.0,0.0
P06610,0.0,0.0,0.0
P06611,0.0,0.0,0.0
P06715,4.417445625441087e-08,6.826799229429085e-08,6.406450599201021e-08
P06720,0.0,0.0,0.0
P06721,3.439647426172629e-07,3.439647426172629e-07,3.227846719556323e-07
P06959,0.0,1.0611994087928098e-05,1.0611994087928098e-05
P06960,0.0,0.0,0.0
P06968,0.0,0.0,0.0
P06972,0.0,0.0,0.0
P06983,7.224299850604286e-07,7.224299850604285e-07,6.779366215859579e-07
P06986,3.0939199215380953e-09,3.0939199215380953e-09,2.9033701015186715e-09
P06987,1.4072940222981685e-08,1.4072940222981685e-08,1.320620924912372e-08
P06988,6.61453741232789e-06,6.61453741232789e-06,6.20715811829489e-06
P06989,1.9375757239139316e-06,1.9375757239139316e-06,1.818243383443316e-06
P06999,0.0,1.7552715013381536e-06,1.7552715013381536e-06
P07000,0.0,0.0,0.0
P07001,3.740680441377088e-06,0.0,0.0
P07003,0.0,0.0,0.0
P07004,2.519357959019576e-07,2.519357959019576e-07,2.3641945359736982e-07
P07014,2.969799208460822e-06,5.585377159142994e-06,5.307707579798111e-06
P07023,2.379851232087017e-10,2.3798512320870173e-10,2.2332798160686781e-10
P07024,0.0,0.0,0.0
P07102,0.0,0.0,0.0
P07109,0.0,0.0,0.0
P07623,4.2433536936579746e-07,4.243353693657975e-07,3.982063741699229e-07
P07639,1.5433396495305238e-09,1.5433396495305236e-09,1.4482877089810453e-09
P07650,0.0,0.0,0.0
P07654,0.0,0.0,0.0
P07762,0.0,0.0,0.0
P07821,0.0,0.0,0.0
P07822,0.0,0.0,0.0
P07862,0.0,0.0,0.0
P07913,0.0,0.0,0.0
P08142,4.142671583303149e-07,4.142671583303149e-07,2.184165753136284e-06
P08178,1.1329863836047128e-05,1.1329863836047867e-05,1.0632122225813511e-05
P08179,1.1339007670353041e-06,0.0,0.0
P08192,6.4137523930170745e-09,6.4137523930156145e-09,6.018739142791326e-09
P08200,1.5932851149379597e-06,9.78924766361733e-06,9.290446362889293e-06
P08201,0.0,0.0,0.0
P08202,0.0,0.0,0.0
P08203,0.0,0.0,0.0
P08204,0.0,0.0,0.0
P08244,7.973660860891684e-07,7.973660860891687e-07,7.482575221809112e-07
P08331,0.0,0.0,0.0
P08337,0.0,0.0,0.0
P08373,1.4020601527762784e-07,1.4020601527762784e-07,1.315709401450074e-07
P08506,0.0,0.0,0.0
P08660,0.0,0.0,0.0
P08722,0.0,0.0,0.0
P08839,1.8620677022134916e-05,7.174658475856223e-06,6.80236958331322e-06
P08997,8.172349058304048e-06,0.0,1.3213540600501769e-09
P09029,7.683688939986315e-06,7.683688939986818e-06,7.210494434784309e-06
P09053,3.0336605473322508e-06,3.1002855679955035e-06,2.9093436974972272e-06
P09099,0.0,0.0,0.0
P09126,9.030537361627479e-11,9.030537361627478e-11,8.474360307089702e-11
P09147,0.0,0.0,0.0
P09148,0.0,0.0,0.0
P09151,3.5086198814555896e-06,3.5086198814555896e-06,3.2925293219444152e-06
P09152,0.0,0.0,0.0
P09158,0.0,0.0,0.0
P09323,0.0,0.0,0.0
P09373,0.0,0.0,0.0
P09394,0.0,0.0,0.0
P09424,0.0,0.0,0.0
P09546,0.0,0.0,0.0
P09551,0.0,0.0,0.0
P09831,0.0,0.0,0.0
P09832,0.0,0.0,0.0
P09833,2.4865600327559793e-12,2.4865600327559793e-12,2.333416584080812e-12
P0A6A3,9.294616167887495e-07,0.0,0.0
P0A6A6,1.1452931333373613e-09,1.1452931333373613e-09,1.0747562720218222e-09
P0A6A8,2.1031467941027892e-05,2.1023290125618342e-05,1.9747941614496125e-05
P0A6B4,2.366909595455997e-08,0.0,2.576599930913553e-09
P0A6B7,6.64067145122368e-06,6.64067145122368e-06,6.247734775106147e-06
P0A6C5,3.839163888433471e-05,3.839163888433471e-05,3.602715626513883e-05
P0A6C8,6.639853484489838e-07,6.639853484489838e-07,6.230915012095277e-07
P0A6D3,3.8584185748050483e-07,3.858418574805048e-07,3.6207844460512536e-07
P0A6D5,0.0,0.0,0.0
P0A6D7,1.1023953855187654e-06,1.1023953855187652e-06,1.0345005312148382e-06
P0A6E1,0.0,0.0,0.0
P0A6E4,4.357862015473068e-05,4.357862015473068e-05,4.0894679252003424e-05
P0A6E6,0.0001923867291474591,0.0004679424623729276,0.00044350329181674095
P0A6F1,0.0,0.0,0.0
P0A6F3,2.872425920352757e-09,0.0,0.0
P0A6G3,0.0,0.0,0.0
P0A6G5,0.0,0.0,0.0
P0A6H8,0.0,0.0,0.0
P0A6I0,1.6811293690426858e-07,1.681129369042673e-07,1.5775911693399515e-07
P0A6I3,5.985382399291091e-08,5.985382399272155e-08,5.6167518051275704e-08
P0A6I6,1.4060219887163403e-08,1.4060219887118919e-08,1.3194272339402933e-08
P0A6I9,1.418599005003121e-06,1.418599004998633e-06,1.3312296509321069e-06
P0A6J1,9.210753706738147e-08,9.210753706738074e-08,8.64361710671839e-08
P0A6J5,0.0,0.0,0.0
P0A6J8,1.8033142935809313e-07,1.8033142935809313e-07,1.692250910301937e-07
P0A6K1,2.933875749591492e-07,2.933875749591492e-07,2.7531828065866543e-07
P0A6K6,8.679251767612873e-07,7.856564638556396e-07,7.322075087797714e-07
P0A6L0,0.0,0.0,0.0
P0A6L2,3.0285125416616286e-07,3.0285125416616286e-07,2.841991062639862e-07
P0A6L4,0.0,0.0,0.0
P0A6L7,0.0,0.0,0.0
P0A6P9,1.1934205472623783e-05,5.2755837672600595e-06,4.978454709187789e-06
P0A6Q3,6.687937543857669e-09,0.0,0.0
P0A6Q6,0.0,0.0,1.9669782954884733e-13
P0A6R0,0.0,0.0,2.9726982105867835e-11
P0A6S7,0.0,2.3795598100443859e-07,2.2330063422662022e-07
P0A6T1,6.703288865718977e-07,2.635508905640401e-07,2.521382578156448e-07
P0A6T3,0.0,0.0,0.0
P0A6T5,1.93509773302338e-05,1.9350977330229396e-05,1.815918008240386e-05
P0A6T9,3.5000933801201284e-08,3.500093380120053e-08,2.5345161582276165e-08
P0A6U8,0.0,0.0,0.0
P0A6V1,0.0,0.0,0.0
P0A6V5,0.0,0.0,0.0
P0A6V8,2.2755657850095687e-06,1.056639948132859e-06,9.384659944663794e-07
P0A6W0,0.0,0.0,0.0
P0A6W3,5.278081979347625e-07,5.278081979347625e-07,4.953012941777814e-07
P0A6W9,0.0,0.0,0.0
P0A6X1,2.4081866426665604e-06,2.40818664266656e-06,2.259870091827982e-06
P0A715,3.939420065197853e-08,3.939420065197853e-08,3.696797177908907e-08
P0A717,0.0,1.3570549044773883e-05,1.3570549044773883e-05
P0A720,6.952808818759674e-08,6.952808818759674e-08,6.524595903544502e-08
P0A722,3.751794867334192e-07,3.7517948673341924e-07,3.5207275304766417e-07
P0A725,1.1937529123336067e-06,1.1937529123336067e-06,1.1202314869698404e-06
P0A731,0.0,0.0,0.0
P0A738,0.0,0.0,0.0
P0A744,0.0,0.0,0.0
P0A746,0.0,0.0,0.0
P0A749,5.922600240852121e-07,5.922600240852121e-07,5.557836304305138e-07
P0A752,4.193106189804806e-08,4.193106189804806e-08,3.93485916013198e-08
P0A754,0.00045121783570546936,0.0,0.0
P0A759,0.0,0.0,0.0
P0A761,0.0,0.0,0.0
P0A763,5.454891616723315e-07,5.454891616723415e-07,0.0
P0A786,8.030927317526653e-08,8.030927317526655e-08,7.536314724521007e-08
P0A790,1.0497632637023096e-07,1.0497632636989884e-07,9.851099416897592e-08
P0A794,1.612561125639452e-08,1.612561125639452e-08,1.5132459397091832e-08
P0A796,0.0,2.9523167190010527e-06,2.9523167190010527e-06
P0A799,1.8070128951582142e-06,7.988113510103991e-07,7.538221642965272e-07
P0A7A7,3.1781665985714057e-07,3.1781665985714057e-07,3.1781665985714057e-07
P0A7A9,9.089514356512644e-07,9.089514356512698e-07,2.4707227353087037e-07
P0A7B1,0.0,0.0,0.0
P0A7B3,3.6202489161554673e-10,3.620248916165336e-10,3.397283294274253e-10
P0A7B5,1.2606860459447515e-06,1.2606860459447515e-06,1.1830423107325136e-06
P0A7D4,1.0306387393591289e-05,1.0306387393592298e-05,9.671697304936079e-06
P0A7D7,5.855505946725198e-07,5.85550594672558e-07,5.494898787740834e-07
P0A7E1,3.8941190511778614e-07,3.8941190511778625e-07,3.654286184408877e-07
P0A7E3,1.0465414809800167e-05,1.046541480980017e-05,9.82086583665006e-06
P0A7E5,1.1607909179070534e-06,1.160790917907054e-06,1.089299571622496e-06
P0A7E9,8.77393163463761e-08,8.773931634637612e-08,8.233558536354e-08
P0A7F3,0.0,0.0,7.536314724521007e-08
P0A7F6,0.0,0.0,0.0
P0A7I7,3.0102333033331995e-07,3.0102333033337135e-07,2.8248376147856796e-07
P0A7J0,7.584507043227339e-07,7.584507043228634e-07,7.117388795609903e-07
P0A7Z0,6.566656612621703e-09,6.384845326672415e-09,5.912853143332417e-09
P0A817,6.020466606664254e-08,6.020466606666398e-08,5.687677529319612e-08
P0A825,1.2475529312114115e-05,1.2473099398793447e-05,1.1698255078702877e-05
P0A836,0.0,4.376070982611736e-06,4.161662742499009e-06
P0A840,0.0,0.0,3.12159251401398e-07
P0A853,1.3078785737776876e-07,1.3078785737776876e-07,1.2273283225880233e-07
P0A858,2.9251182482977497e-06,1.3453627406712012e-06,1.2722263295128856e-06
P0A867,0.0,0.0,0.0
P0A870,1.2699571306113162e-05,1.2142011348493268e-05,1.1154375452817403e-05
P0A877,7.812549919331291e-09,7.812549919331291e-09,7.331386857980541e-09
P0A879,7.812549919331291e-09,7.812549919331291e-09,7.331386857980541e-09
P0A884,5.518722860888e-08,5.518722860888e-08,5.1788331176019134e-08
P0A887,0.0,0.0,0.0
P0A8F0,0.0,0.0,0.0
P0A8F4,0.0,0.0,0.0
P0A8G3,0.0,0.0,0.0
P0A8G6,1.0515001874643458e-05,0.0,0.0
P0A8K1,3.8386502297462326e-08,3.8386502297462326e-08,3.6022336032835687e-08
P0A8N5,0.0,0.0,0.0
P0A8Q0,7.321106884208473e-08,0.0,0.0
P0A8Q3,7.321106884208473e-08,0.0,0.0
P0A8Y1,0.0,0.0,0.0
P0A8Y3,0.0,0.0,0.0
P0A8Y5,0.0,0.0,0.0
P0A8Y8,0.0,0.0,0.0
P0A921,0.0,0.0,0.0
P0A924,0.0,0.0,0.0
P0A935,0.0,0.0,0.0
P0A951,0.0,0.0,0.0
P0A953,0.00025999372832266946,9.84840834500683e-05,9.242097367816708e-05
P0A955,1.2996261483115849e-06,0.0,0.0
P0A959,2.148047572962474e-07,0.0,0.0
P0A962,0.0,0.0,0.0
P0A991,0.0,4.365977280900099e-06,4.365977280900099e-06
P0A993,0.0,0.0,0.0
P0A996,0.0,0.0,0.0
P0A9B2,6.79693769844203e-05,3.0046664305351342e-05,2.8354431228226623e-05
P0A9B6,1.1288171702034349e-10,1.1288171702034346e-10,1.0592950383862128e-10
P0A9C0,0.0,0.0,0.0
P0A9C3,0.0,0.0,0.0
P0A9C5,5.286196344116434e-05,5.2861963441166304e-05,4.960640222327638e-05
P0A9C9,0.0,0.0,0.0
P0A9D4,1.2527148174453138e-07,1.252714817445304e-07,1.1755810187377696e-07
P0A9D8,8.693065328728304e-07,8.693065328728304e-07,8.157672663173212e-07
P0A9G6,1.4631629960920764e-05,0.0,0.0
P0A9H3,0.0,0.0,0.0
P0A9H5,0.0,0.0,0.0
P0A9H7,0.0,0.0,0.0
P0A9I1,0.0,0.0,0.0
P0A9I8,0.0,0.0,0.0
P0A9J4,2.72935992114107e-09,2.7293599211324345e-09,2.561262796797532e-09
P0A9J6,0.0,0.0,0.0
P0A9J8,1.9923526108200524e-10,1.992352610820053e-10,1.869646645237641e-10
P0A9L8,5.594777720768617e-09,5.594777720768617e-09,5.250203874393447e-09
P0A9M2,0.0,0.0,0.0
P0A9M5,0.0,0.0,0.0
P0A9M8,0.0,0.0,0.0
P0A9N4,0.0,0.0,0.0
P0A9N8,0.0,0.0,0.0
P0A9P0,1.4003236455048588e-07,1.2490327239254534e-05,1.2389034019894989e-05
P0A9P4,1.360352577870356e-05,0.0,0.0
P0A9P9,0.0,0.0,0.0
P0A9Q5,6.910178335999524e-07,2.617534600884037e-07,2.4565140032157e-07
P0A9Q7,3.4095938556054145e-06,8.915831253896291e-06,8.915831253896291e-06
P0A9Q9,1.5710183587245115e-06,1.5710183587245244e-06,1.453986411116795e-06
P0A9S1,0.0,0.0,0.0
P0A9S3,0.0,0.0,0.0
P0A9S5,0.0,0.0,0.0
P0A9T0,3.83410013444406e-09,3.83410013444406e-09,3.83410013444406e-09
P0A9U8,1.44113443432346e-07,1.4411344343234603e-07,1.352377157455217e-07
P0A9V1,6.911215999614333e-09,6.911215999614334e-09,6.485564722839469e-09
P0A9V8,0.0,0.0,0.0
P0A9X1,0.0,0.0,0.0
P0AA04,1.8620677022134916e-05,7.174658475856223e-06,6.80236958331322e-06
P0AA25,3.914044083843684e-05,0.0,0.0
P0AA84,0.0,0.0,0.0
P0AA89,0.0,0.0,0.0
P0AAB4,4.180744130984022e-11,4.180744130985855e-11,3.9232584617019567e-11
P0AAF3,0.0,0.0,0.0
P0AAF6,0.0,0.0,0.0
P0AAG3,0.0,0.0,0.0
P0AAG8,0.0,0.0,0.0
P0AAH0,0.0,0.0,0.0
P0AAI1,0.0,0.0,0.0
P0AAI5,0.0,0.0,0.0
P0AAI9,1.316441949669043e-08,4.986604087136832e-09,4.679727245795015e-09
P0AAJ1,0.0,0.0,0.0
P0AAJ3,0.00037617417295873946,5.489162919226358e-05,5.030573808553792e-05
P0AAJ5,0.0,1.145402051385987e-08,1.145402051385987e-08
P0AAJ8,0.0,0.0,0.0
P0AAK1,0.0,0.0,0.0
P0AAK7,0.0,0.0,0.0
P0AAL3,0.0,0.0,0.0
P0AAM1,0.0,0.0,0.0
P0AAN3,0.0,0.0,0.0
P0AAX8,0.0,0.0,0.0
P0AB65,0.0,0.0,0.0
P0AB67,3.7406804413770886e-06,0.0,0.0
P0AB71,0.0,3.655248566778693e-05,3.655248566778693e-05
P0AB74,0.0,0.0,0.0
P0AB77,0.0,3.7364333115033137e-07,3.7364333115033137e-07
P0AB80,8.659693341112094e-07,8.744086552990533e-07,8.205551567870976e-07
P0AB87,0.0,0.0,0.0
P0AB89,1.377678185535788e-06,1.377678185535896e-06,1.2928360043789874e-06
P0AB91,3.162658669801143e-07,3.1626586698011426e-07,0.0
P0AB96,0.0,0.0,0.0
P0AB98,0.0001923867291474591,0.0004679424623729276,0.00044350329181674095
P0ABA0,0.0001923867291474591,0.0004679424623729276,0.00044350329181674095
P0ABA4,0.0001923867291474591,0.0004679424623729276,0.00044350329181674095
P0ABA6,0.0001923867291474591,0.0004679424623729276,0.00044350329181674095
P0ABB0,0.0001923867291474591,0.0004679424623729276,0.00044350329181674095
P0ABB4,0.0001923867291474591,0.0004679424623729276,0.00044350329181674095
P0ABB8,0.0,0.0,0.0
P0ABC0,0.0,0.0,0.0
P0ABD3,0.0,0.0,0.0
P0ABD5,6.910178335999524e-07,2.617534600884037e-07,2.4565140032157e-07
P0ABD8,6.910178335999524e-07,2.617534600884037e-07,2.4565140032157e-07
P0ABE9,1.5030238218404566e-11,1.2093694992078363e-11,0.0
P0ABF6,0.0,0.0,0.0
P0ABF8,0.0,0.0,0.0
P0ABG1,1.5779113335162942e-06,1.5779113335162942e-06,1.4807301755570844e-06
P0ABG4,2.0094608871215347e-08,2.0094608871215347e-08,1.885701248834993e-08
P0ABH7,7.24115711277899e-06,1.2859097536143286e-05,1.2203875112763836e-05
P0ABI8,9.8916393065995e-06,1.8090482739126665e-05,1.711646717416089e-05
P0ABJ1,9.8916393065995e-06,1.8090482739126665e-05,1.711646717416089e-05
P0ABJ3,9.8916393065995e-06,1.8090482739126665e-05,1.711646717416089e-05
P0ABJ6,9.8916393065995e-06,1.8090482739126665e-05,1.711646717416089e-05
P0ABJ9,0.0,0.0,0.0
P0ABK2,0.0,0.0,0.0
P0ABK5,1.0439214982548698e-06,1.0439214982548615e-06,9.796437954676715e-07
P0ABK9,0.0,0.0,0.0
P0ABL1,0.0,0.0,0.0
P0ABL3,0.0,0.0,0.0
P0ABL5,0.0,0.0,0.0
P0ABL8,0.0,0.0,0.0
P0ABM1,0.0,0.0,0.0
P0ABM5,0.0,0.0,0.0
P0ABN1,0.0,0.0,0.0
P0ABP8,5.644004576828429e-10,5.644004576830904e-10,5.328066480387617e-10
P0ABQ0,1.0106934504130029e-07,1.0106934504098052e-07,9.484463787493692e-08
P0ABQ2,0.0,0.0,0.0
P0ABQ4,1.0954843121899741e-07,1.0954843121899679e-07,1.0280151003759347e-07
P0ABR5,0.0,0.0,0.0
P0ABR9,0.0,0.0,0.0
P0ABU0,0.0,0.0,0.0
P0ABW0,0.0,0.0,0.0
P0ABY4,1.2148334901002326e-07,1.214833490100241e-07,1.1808634477784595e-07
P0ABZ4,1.7023831255898564e-07,1.7023831255898567e-07,1.597535939362752e-07
P0AC00,0.0,0.0,0.0
P0AC13,6.213574072748418e-07,6.213574072747004e-07,5.830889500661248e-07
P0AC16,7.609945863465346e-07,7.609945863463612e-07,7.141260877614904e-07
P0AC19,0.0,0.0,0.0
P0AC28,0.0,0.0,0.0
P0AC33,5.071786643083888e-07,9.02878643681942e-07,8.569040348008414e-07
P0AC35,0.0,0.0,0.0
P0AC38,0.0,0.0,0.0
P0AC41,2.969799208460822e-06,5.585377159142994e-06,5.307707579798111e-06
P0AC44,2.969799208460822e-06,5.585377159142994e-06,5.307707579798111e-06
P0AC47,7.321106884208473e-08,0.0,0.0
P0AC53,2.640795034563142e-07,1.524638573007021e-07,1.4040492350464352e-07
P0AC59,5.139229005418654e-06,5.139229005418654e-06,0.0
P0AC62,0.0,0.0,0.0
P0AC69,1.1595680035747296e-05,1.1595680035747296e-05,0.0
P0AC75,2.695818130151414e-07,2.695818130151414e-07,2.5297867936809855e-07
P0AC78,3.7153094581839297e-09,0.0,0.0
P0AC81,0.0,0.0,0.0
P0AC84,0.0,0.0,0.0
P0AC86,0.0,0.0,0.0
P0AC88,0.0,0.0,0.0
P0ACB2,7.297121521315084e-08,7.297121521315082e-08,6.847702910682392e-08
P0ACB4,7.731532045811978e-08,7.731532045811977e-08,7.255358752008211e-08
P0ACC7,4.020167157183455e-08,4.020167157183455e-08,3.772571179370144e-08
P0ACD4,4.606317636696241e-06,4.606317636696241e-06,4.338455321326686e-06
P0ACD8,0.0,0.0,0.0
P0ACE0,0.0,0.0,0.0
P0ACE7,0.0,0.0,0.0
P0ACV0,0.0,0.0,0.0
P0ACV2,0.0,0.0,0.0
P0AD57,1.128817170202898e-08,1.128817170203393e-08,1.0592950383860512e-08
P0AD61,0.0,0.0,0.0
P0AD65,5.209619637302208e-07,5.209619637302208e-07,4.888767091201373e-07
P0AD68,5.209619637302208e-07,5.209619637302208e-07,4.888767091201373e-07
P0AD70,0.0,0.0,0.0
P0ADA1,0.0,0.0,0.0
P0ADC1,6.911215999614333e-09,6.911215999614334e-09,6.485564722839469e-09
P0ADC6,6.911215999614333e-09,6.911215999614334e-09,6.485564722839469e-09
P0ADF6,1.9104606693069114e-07,0.0,0.0
P0ADF8,4.142671583303149e-07,4.142671583303149e-07,2.184165753136284e-06
P0ADG4,0.0,0.0,0.0
P0ADG7,7.943253548479682e-06,7.94325354847968e-06,7.4540406494984404e-06
P0ADI4,0.0,0.0,0.0
P0ADP0,2.508446478591605e-08,2.5084464785920335e-08,2.353955077022118e-08
P0ADU2,2.2466079754554711e-07,0.0,0.0
P0ADV1,6.911215999614333e-09,6.911215999614334e-09,6.485564722839469e-09
P0ADV9,6.911215999614333e-09,6.911215999614334e-09,6.485564722839469e-09
P0AE08,4.293904448542148e-06,0.0,0.0
P0AE12,0.0,0.0,0.0
P0AE22,0.0,0.0,0.0
P0AE26,0.0,0.0,0.0
P0AE30,0.0,0.0,0.0
P0AE34,0.0,0.0,0.0
P0AE37,0.0,0.0,0.0
P0AE52,0.0,0.0,0.0
P0AE76,0.0,0.0,0.0
P0AEA5,0.0,0.0,0.0
P0AEA8,1.7823185180653947e-09,1.7823185180653945e-09,1.6725482326516041e-09
P0AEB0,0.0,0.0,0.0
P0AEB2,0.0,0.0,0.0
P0AED7,3.294171536544228e-07,3.294171536544228e-07,3.0912885242749375e-07
P0AEE5,0.0,0.0,0.0
P0AEG6,0.0,0.0,0.0
P0AEI6,0.0,0.0,0.0
P0AEJ2,0.0,0.0,0.0
P0AEJ6,0.0,0.0,0.0
P0AEK2,3.525362802591901e-05,1.3353865367526829e-05,1.253206521012884e-05
P0AEK4,1.0858014055242005e-06,0.0,3.193432629822467e-11
P0AEK7,0.00037617417295873946,5.489162919226358e-05,5.030573808553792e-05
P0AEL0,2.2074353089921508e-10,0.0,0.0
P0AEL6,0.0,0.0,0.0
P0AEM9,0.0,0.0,0.0
P0AEN1,1.149177443580719e-06,1.149177443580719e-06,1.149177443580719e-06
P0AEP3,0.0,0.0,0.0
P0AEP7,0.0,0.0,0.0
P0AEP9,1.4410400833761456e-08,1.4410400833758176e-08,1.3522886174387108e-08
P0AEQ3,0.0,0.0,0.0
P0AEQ6,0.0,0.0,0.0
P0AER3,0.0,0.0,0.0
P0AER5,0.0,0.0,0.0
P0AES0,0.0,0.0,0.0
P0AES2,0.0,0.0,0.0
P0AET8,0.0,0.0,0.0
P0AEU0,0.0,0.0,0.0
P0AEU3,0.0,0.0,0.0
P0AEW4,0.0,0.0,0.0
P0AEW6,0.0,0.0,0.0
P0AEW9,0.0,0.0,0.0
P0AEX9,0.0,0.0,0.0
P0AEY3,0.0,0.0,0.0
P0AEZ1,2.841206786337173e-07,2.8412067863371787e-07,2.6662902769918395e-07
P0AEZ7,0.0,0.0,0.0
P0AF01,2.4865600327559793e-12,2.4865600327559793e-12,2.333416584080812e-12
P0AF03,0.0,0.0,0.0
P0AF12,2.3010672654367142e-08,2.301067265437856e-08,2.1714062758636673e-08
P0AF16,2.0094608871215347e-08,2.0094608871215347e-08,1.885701248834993e-08
P0AF18,0.0,0.0,0.0
P0AF24,0.0,0.0,0.0
P0AF26,0.0,0.0,0.0
P0AF32,0.0,0.0,0.0
P0AF98,6.911215999614333e-09,6.911215999614334e-09,6.485564722839469e-09
P0AFA9,0.0,0.0,0.0
P0AFC0,5.8385749782621885e-09,5.838574978260859e-09,5.478986029776889e-09
P0AFC3,0.0,3.0208988347300195e-06,2.8684491197643464e-06
P0AFC7,0.0,3.0208988347300195e-06,2.8684491197643464e-06
P0AFD1,0.0,3.0208988347300195e-06,2.8684491197643464e-06
P0AFD4,0.0,3.0208988347300195e-06,2.8684491197643464e-06
P0AFD6,0.0,3.0208988347300195e-06,2.8684491197643464e-06
P0AFE0,0.0,3.0208988347300195e-06,2.8684491197643464e-06
P0AFE4,0.0,3.0208988347300195e-06,2.8684491197643464e-06
P0AFE8,0.0,3.0208988347300195e-06,2.8684491197643464e-06
P0AFF0,0.0,3.0208988347300195e-06,2.8684491197643464e-06
P0AFG3,1.0503143074928461e-07,1.8433322175252359e-06,1.7516947703846141e-06
P0AFG6,1.0503143074928461e-07,1.8433322175252359e-06,1.7516947703846141e-06
P0AFG8,0.0,1.0611994087928096e-05,1.0611994087928096e-05
P0AFI0,0.0,0.0,0.0
P0AFI5,0.0,0.0,0.0
P0AFI7,0.0,0.0,0.0
P0AFK4,0.0,0.0,0.0
P0AFK6,0.0,0.0,0.0
P0AFK9,0.0,0.0,0.0
P0AFL1,0.0,0.0,0.0
P0AFL6,0.0,0.0,0.0
P0AFM2,0.0,0.0,0.0
P0AFP4,7.254911968924472e-08,0.0,0.0
P0AFQ5,0.0,0.0,0.0
P0AFR9,0.0,0.0,0.0
P0AFS1,0.0,0.0,0.0
P0AFS3,7.01153301605139e-08,0.0,0.0
P0AFS9,0.0,0.0,0.0
P0AFT2,0.0,0.0,0.0
P0AFU8,3.3821439787490623e-07,3.38214397874964e-07,3.173842877630846e-07
P0AFV4,0.0,0.0,0.0
P0AG00,0.0,0.0,0.0
P0AG07,3.3513864294986986e-07,3.1861702422839183e-07,2.918355357719002e-07
P0AG16,7.063448718561751e-07,7.063448718562212e-07,6.62845125045349e-07
P0AG18,2.905965575612165e-06,2.905965575612355e-06,2.7270037574768887e-06
P0AG20,0.0,0.0,0.0
P0AG24,0.0,0.0,0.0
P0AG40,6.640101001196671e-09,6.640101001198939e-09,6.23114728462788e-09
P0AG78,0.0,0.0,0.0
P0AG80,0.0,0.0,0.0
P0AG82,0.0,0.0,0.0
P0AG84,0.0,0.0,0.0
P0AGB0,3.450801924075114e-07,3.450801924075114e-07,3.450801924075114e-07
P0AGC3,0.0,0.0,0.0
P0AGC5,0.0,0.0,0.0
P0AGD1,0.0,0.0,0.0
P0AGD3,5.841096625065713e-08,0.0,0.0
P0AGE6,3.0752385484155445e-06,0.0,0.0
P0AGE9,0.0,4.376070982611736e-06,4.161662742499009e-06
P0AGF6,0.0,0.0,0.0
P0AGG0,3.583541411808615e-07,3.5835414118086146e-07,3.3628365492493987e-07
P0AGG2,3.602900937506711e-07,3.602900937506712e-07,3.3810037512187033e-07
P0AGG4,8.58094979913855e-07,0.0,0.0
P0AGH8,0.0,0.0,0.0
P0AGI1,0.0,0.0,0.0
P0AGI4,0.0,0.0,0.0
P0AGK1,1.1288171702028983e-05,1.1288171702033931e-05,1.0592950383860514e-05
P0C066,0.0,0.0,0.0
P0C0T5,0.0,0.0,0.0
P0C7L2,0.0,0.0,0.0
P0C8J6,0.0,0.0,0.0
P0C8J8,0.0,0.0,0.0
P0C8K0,0.0,0.0,0.0
P0C960,0.0,0.0,0.0
P0CI31,0.0,0.0,0.0
P0DP69,0.0,0.0,0.0
P10346,0.0,0.0,0.0
P10371,6.707072570573121e-07,6.707072570573121e-07,6.293994176952458e-07
P10378,0.0,0.0,0.0
P10441,1.7939266367168347e-09,1.793926636716835e-09,1.6834414249391145e-09
P10902,4.155330458365123e-08,4.155330458365123e-08,3.899409978509169e-08
P10905,0.0,0.0,0.0
P10906,0.0,0.0,0.0
P10907,0.0,0.0,0.0
P10908,0.0,0.0,0.0
P11349,0.0,0.0,0.0
P11350,0.0,0.0,0.0
P11446,2.0272510192205383e-05,2.0272510192205383e-05,1.902395713768861e-05
P11447,1.0220342083339704e-08,1.0220342083339704e-08,9.59088676649066e-09
P11454,0.0,0.0,0.0
P11458,2.8827449385685077e-07,2.8827449385685077e-07,2.7052010644114967e-07
P11553,0.0,0.0,0.0
P11868,0.0,0.0,0.0
P11880,5.9983544299793e-08,5.9983544299793e-08,5.6289249081974133e-08
P11988,0.0,0.0,0.0
P12008,8.23271901968087e-07,8.232719019680869e-07,7.725678382801419e-07
P12281,0.0,0.0,0.0
P12282,0.0,0.0,0.0
P12758,0.0,0.0,0.0
P12995,0.0,0.0,2.3750667817481836e-10
P12996,0.0,0.0,1.3669527840117418e-11
P12998,0.0,0.0,3.166755708997578e-09
P12999,0.0,0.0,1.0983367120134375e-12
P13000,0.0,0.0,1.3571712463759492e-07
P13001,0.0,0.0,1.0270614517582216e-11
P13009,0.0,8.697766041373448e-07,8.697766041373448e-07
P13016,0.0,0.0,0.0
P13029,1.8380596683443255e-07,0.0,0.0
P13033,0.0,0.0,0.0
P13035,0.0,0.0,0.0
P13482,0.0,0.0,0.0
P14081,0.0,0.0,0.0
P14175,0.0,0.0,0.0
P14176,0.0,0.0,0.0
P14407,0.0,0.0,0.0
P14900,1.690594490775384e-06,1.690594490775384e-06,1.5864733486280038e-06
P15028,0.0,0.0,0.0
P15029,0.0,0.0,0.0
P15030,0.0,0.0,0.0
P15031,0.0,0.0,0.0
P15042,0.0,0.0,0.0
P15047,0.0,0.0,0.0
P15067,0.0,0.0,0.0
P15254,0.0009071336762486803,0.0009071336762487395,0.0008512684936549482
P15288,0.0,0.0,0.0
P15639,1.2773327340711584e-05,1.2773327340712273e-05,1.1986681734606455e-05
P15640,2.923087888293591e-06,2.9230878882937816e-06,2.7430715986411698e-06
P15723,0.0,0.0,0.0
P15770,1.1727631171767768e-07,1.1727631171767765e-07,1.1005344213570213e-07
P15877,0.0,0.0,0.0
P15977,0.0,0.0,0.0
P16095,0.0,0.0,0.0
P16429,0.0,0.0,0.0
P16430,0.0,0.0,0.0
P16431,0.0,0.0,0.0
P16432,0.0,0.0,0.0
P16433,0.0,0.0,0.0
P16456,0.0,0.0,0.0
P16676,0.0,0.0,0.0
P16677,0.0,0.0,0.0
P16679,0.0,0.0,0.0
P16682,0.0,0.0,0.0
P16685,0.0,0.0,0.0
P16686,0.0,0.0,0.0
P16687,0.0,0.0,0.0
P16688,0.0,0.0,0.0
P16689,0.0,0.0,0.0
P16690,2.9045389837466918e-05,2.6290266584336678e-05,2.4501463670410004e-05
P16691,0.0,0.0,0.0
P16692,0.0,0.0,0.0
P16700,0.0,0.0,0.0
P16701,0.0,0.0,0.0
P16703,0.0,0.0,0.0
P17109,0.0,0.0,0.0
P17115,1.5448233411404788e-08,1.5448233411404788e-08,0.0
P17169,5.561564124422888e-07,5.561564124422888e-07,5.219035852906272e-07
P17334,0.0,0.0,0.0
P17411,0.0,0.0,0.0
P17443,2.0094102492945784e-07,2.009410249294578e-07,1.8856537297147442e-07
P17444,0.0,0.0,0.0
P17445,0.0,0.0,0.0
P17846,6.054337334366517e-07,6.330422913013137e-07,5.940312085046539e-07
P17854,7.478911933108308e-05,7.478911933108248e-05,7.018410564747181e-05
P17952,2.8132351144047574e-06,2.8132351144047574e-06,2.63997224454494e-06
P17993,0.0,0.0,0.0
P18133,0.0,0.0,0.0
P18200,0.0,0.0,0.0
P18335,0.0,0.0,0.0
P18775,0.0,0.0,0.0
P18776,0.0,0.0,0.0
P18777,0.0,0.0,0.0
P18843,5.729706711751293e-08,5.729706711751293e-08,5.3768227941429235e-08
P18956,0.0,0.0,0.0
P19317,0.0,0.0,0.0
P19318,0.0,0.0,0.0
P19319,0.0,0.0,0.0
P19624,1.612561125639452e-08,1.612561125639452e-08,1.5132459397091832e-08
P19636,0.0,0.0,0.0
P19642,8.630344515033084e-06,3.878870350694958e-06,0.0
P19925,0.0,0.0,0.0
P19926,0.0,0.0,0.0
P20099,0.0,0.0,0.0
P20966,0.0,0.0,0.0
P21151,0.00013386595252605051,0.0001430950086400914,0.00013427852791571878
P21156,1.0799094607400688e-06,1.0799094607400603e-06,1.013415859956319e-06
P21169,0.0,0.0,0.0
P21170,0.0,0.0,0.0
P21177,3.344323826637459e-07,2.4173316928051406e-07,2.2758826228430868e-07
P21179,0.0,0.0,0.0
P21369,0.0,0.0,0.0
P21437,0.0,0.0,0.0
P21514,0.0,0.0,0.0
P21515,0.0,0.0,0.0
P21517,0.0,0.0,0.0
P21599,1.950334743913246e-07,0.0,0.0
P21645,1.712735838699491e-07,1.7127358386994913e-07,1.6072510446254543e-07
P21829,0.0,0.0,0.0
P22106,4.790193106225729e-06,4.790193106225729e-06,4.278967661010443e-06
P22188,2.164058172820248e-06,2.164058172820248e-06,2.030777122954723e-06
P22255,2.197700987254031e-06,2.1977009872540138e-06,2.0623812614796346e-06
P22256,0.0,0.0,0.0
P22259,0.0,0.0,0.0
P22333,0.0,0.0,0.0
P22525,0.0,0.0,0.0
P22564,0.0,0.0,0.0
P22634,2.313541037996338e-07,2.313541037996338e-07,2.1710535659293188e-07
P22939,1.1487389674853405e-07,1.1487389674857444e-07,1.077989882488359e-07
P23200,0.0,0.0,0.0
P23256,0.0,0.0,0.0
P23331,0.0,0.0,0.0
P23522,0.0,0.0,0.0
P23524,0.0,0.0,0.0
P23538,0.0,0.0,0.0
P23721,2.985486669419221e-08,2.9854866694192207e-08,2.9296447151710443e-08
P23830,4.330756291565386e-08,4.330756291565386e-08,4.0640316015819664e-08
P23845,1.0799094607400688e-06,1.0799094607400603e-06,1.013415859956319e-06
P23857,0.0,0.0,0.0
P23871,3.168479809140168e-08,0.0,0.0
P23876,0.0,0.0,0.0
P23877,0.0,0.0,0.0
P23878,0.0,0.0,0.0
P23883,0.0,0.0,0.0
P23893,3.8023315206852545e-07,3.802331520685254e-07,3.5681517082482956e-07
P23908,7.880352153895353e-09,7.880352153895353e-09,7.3950132560909315e-09
P23917,0.0,0.0,0.0
P23930,0.0,0.0,0.0
P24169,0.0,0.0,0.0
P24173,0.0,0.0,0.0
P24174,0.0,0.0,0.0
P24175,0.0,0.0,0.0
P24182,6.910178335999524e-07,2.617534600884037e-07,2.4565140032157e-07
P24183,0.00037617417295873946,5.489162919226358e-05,5.030573808553792e-05
P24186,3.4053485790511464e-06,3.4053485790511464e-06,3.4053485790511464e-06
P24203,0.0,0.0,0.0
P24205,0.0,0.0,0.0
P24215,0.0,0.0,0.0
P24224,0.0,0.0,0.0
P24228,0.0,0.0,0.0
P24232,0.0,0.0,0.0
P24240,0.0,0.0,0.0
P24241,0.0,0.0,0.0
P25397,0.0,0.0,0.0
P25437,0.0,0.0,0.0
P25516,0.00020993366593335928,0.000383301203988017,0.00036308128532403877
P25519,0.0,0.0,0.0
P25524,0.0,0.0,0.0
P25526,1.339918744887378e-06,0.0,0.0
P25534,0.0,0.0,0.0
P25535,3.583541411806911e-10,3.583541411808482e-10,3.362836549248886e-10
P25536,0.0,0.0,0.0
P25539,1.8471233030631196e-09,1.847123303063435e-09,1.7333617895537292e-09
P25552,0.0,0.0,0.0
P25553,8.894159277417862e-11,8.894159277415837e-11,8.346381541560235e-11
P25665,3.472567320206336e-05,1.8625403246688132e-05,1.6487546343635148e-05
P25718,0.0,0.0,0.0
P25740,0.0,0.0,0.0
P25741,0.0,0.0,0.0
P25742,0.0,0.0,0.0
P25889,0.0,0.0,0.0
P26281,1.29006515534892e-08,1.2900651553486263e-08,1.2106120054935906e-08
P26365,0.0,0.0,0.0
P26458,1.839396972751714e-09,0.0,0.0
P26459,1.839396972751714e-09,0.0,0.0
P26602,1.3280202002387035e-08,1.3280202002392857e-08,1.2462294569247662e-08
P26612,0.0,0.0,0.0
P26616,0.0,0.0,0.0
P26646,0.0,0.0,0.0
P26647,8.908274992630285e-09,8.908274992630285e-09,8.35962789135516e-09
P27126,0.0,0.0,0.0
P27127,0.0,0.0,0.0
P27128,0.0,0.0,0.0
P27129,0.0,0.0,0.0
P27240,0.0,0.0,0.0
P27241,0.0,0.0,0.0
P27242,0.0,0.0,0.0
P27243,0.0,0.0,0.0
P27247,7.27037226131103e-09,7.27037226131103e-09,6.692453162936987e-09
P27248,3.5000933801201284e-08,3.500093380120053e-08,2.5345161582276165e-08
P27250,0.0,0.0,0.0
P27253,0.0,0.0,0.0
P27254,0.0,0.0,0.0
P27278,0.0,0.0,0.0
P27300,8.207006954172356e-07,8.207006954172357e-07,7.701549884282111e-07
P27302,1.355421299172673e-06,1.296414778788993e-06,8.935609501855452e-07
P27306,0.0,0.0,0.0
P27550,0.0,0.0,0.0
P27828,0.0,0.0,0.0
P27829,0.0,0.0,0.0
P27830,0.0,0.0,0.0
P27832,0.0,0.0,0.0
P27833,0.0,0.0,0.0
P27835,0.0,0.0,0.0
P27836,0.0,0.0,0.0
P27848,0.0,0.0,0.0
P28248,0.0,0.0,0.0
P28305,1.8897467372012483e-10,1.8897467372008181e-10,1.7733601112413674e-10
P28306,0.0,0.0,0.0
P28629,0.0,0.0,0.0
P28635,0.0,0.0,0.0
P28861,0.0,0.0,0.0
P28903,1.7138045228123815e-08,1.7138045228123815e-08,1.6082539101100242e-08
P28904,0.0,0.0,0.0
P29012,5.95014721871655e-08,0.0,5.326026712629151e-08
P29208,0.0,0.0,0.0
P29680,7.121813101981165e-08,7.121813101981163e-08,6.683191470132383e-08
P30011,1.647270961526921e-06,1.647270961526921e-06,1.5458180496223863e-06
P30125,6.610352826078207e-07,6.610352826078207e-07,6.203231254344733e-07
P30126,1.1452931333373613e-09,1.1452931333373613e-09,1.0747562720218222e-09
P30136,5.130920640227018e-10,5.130920640227016e-10,4.814915045601555e-10
P30137,1.1383262499725904e-07,1.1383262499725903e-07,1.068218468402138e-07
P30138,1.8813348589437043e-06,1.881334858943704e-06,1.7654663077661497e-06
P30139,8.683334038774209e-11,8.683334038774208e-11,8.148540708559506e-11
P30140,1.8813348589437043e-06,1.881334858943704e-06,1.7654663077661497e-06
P30147,0.0,0.0,0.0
P30235,0.0,0.0,0.0
P30744,0.0,0.0,0.0
P30745,0.0,0.0,0.0
P30748,0.0,0.0,0.0
P30749,0.0,0.0,0.0
P30750,0.0,0.0,0.0
P30859,0.0,0.0,0.0
P30860,0.0,0.0,0.0
P30863,0.0,0.0,0.0
P31057,8.71449667558281e-08,8.71449667555524e-08,8.177784085967893e-08
P31119,2.0318037002679333e-05,2.0318037002679333e-05,1.9066680021182587e-05
P31120,1.2108713172938552e-06,1.2108713172938552e-06,1.1362955954172777e-06
P31129,0.0,0.0,0.0
P31133,0.0,0.0,0.0
P31134,0.0,0.0,0.0
P31135,0.0,0.0,0.0
P31142,0.0,0.0,0.0
P31434,0.0,0.0,0.0
P31441,0.0,0.0,0.0
P31459,0.0,0.0,0.0
P31467,0.0,0.0,0.0
P31545,0.0,0.0,0.0
P31547,0.0,0.0,0.0
P31548,0.0,0.0,0.0
P31549,0.0,0.0,0.0
P31550,0.0,0.0,0.0
P31551,0.0,0.0,0.0
P31552,0.0,0.0,0.0
P31554,6.911215999614333e-09,6.911215999614334e-09,6.485564722839469e-09
P31572,0.0,0.0,0.0
P31658,0.0,0.0,0.0
P31660,0.0,0.0,0.0
P31663,4.873839455976957e-08,4.873839455961537e-08,4.573667100284664e-08
P31677,0.0,0.0,0.0
P31678,0.0,0.0,0.0
P31806,0.0,0.0,0.0
P31979,0.0,3.0208988347300195e-06,2.8684491197643464e-06
P32055,0.0,0.0,0.0
P32056,0.0,0.0,0.0
P32099,0.0,0.0,0.0
P32125,0.0,0.0,0.0
P32131,0.0,0.0,0.0
P32138,0.0,0.0,0.0
P32140,0.0,0.0,0.0
P32141,0.0,0.0,0.0
P32143,0.0,0.0,0.0
P32166,0.0,0.0,0.0
P32169,0.0,0.0,0.0
P32170,0.0,0.0,0.0
P32171,0.0,0.0,0.0
P32173,0.0,0.0,0.0
P32176,2.384957139452952e-08,0.0,0.0
P32662,0.0,0.0,0.0
P32664,0.0,0.0,0.0
P32669,8.309004519950488e-05,2.7411218204496303e-05,2.506466575230848e-05
P32674,0.00036528676481101615,6.506946154240286e-05,6.0288849791100026e-05
P32675,0.00036528676481101615,6.506946154240286e-05,6.0288849791100026e-05
P32709,0.0,0.0,0.0
P32718,0.0,0.0,0.0
P32719,0.0,0.0,0.0
P32720,0.0,0.0,0.0
P32721,0.0,0.0,0.0
P33013,0.0,0.0,0.0
P33018,0.0,0.0,0.0
P33022,0.0,0.0,0.0
P33025,0.0,0.0,0.0
P33030,0.0,0.0,0.0
P33195,3.5000933801201284e-08,3.500093380120053e-08,2.5345161582276165e-08
P33221,0.0,7.086961435348844e-08,6.650515953291403e-08
P33225,0.0,0.0,0.0
P33226,0.0,0.0,0.0
P33232,0.0,0.0,0.0
P33359,0.0,0.0,0.0
P33360,0.0,0.0,0.0
P33361,0.0,0.0,0.0
P33362,0.0,0.0,0.0
P33363,0.0,0.0,0.0
P33570,1.0384561410411615e-06,9.794496206574815e-07,1.1910047065464631e-06
P33590,0.0,0.0,0.0
P33591,0.0,0.0,0.0
P33593,0.0,0.0,0.0
P33594,0.0,0.0,0.0
P33599,0.0,3.0208988347300195e-06,2.8684491197643464e-06
P33602,0.0,3.0208988347300195e-06,2.8684491197643464e-06
P33607,0.0,3.0208988347300195e-06,2.8684491197643464e-06
P33931,0.0,0.0,0.0
P33934,0.0,0.0,0.0
P33937,0.0,0.0,0.0
P33940,0.0,0.0,0.0
P35340,4.293904448542148e-06,0.0,0.0
P36548,0.0,0.0,0.0
P36553,1.3280202002393351e-06,1.328020200239335e-06,1.2462294569249563e-06
P36561,0.0,0.0,0.0
P36562,0.0,0.0,0.0
P36649,0.0,0.0,0.0
P36655,0.0,0.0,0.0
P36672,0.0,0.0,0.0
P36683,1.3525731408858131e-05,1.3525731408858131e-05,1.3525731408858131e-05
P36937,0.0,0.0,0.0
P36938,0.0,0.0,0.0
P37001,0.0,0.0,0.0
P37028,0.0,0.0,0.0
P37051,0.0,0.0,0.0
P37095,0.0,0.0,0.0
P37128,0.0,0.0,0.0
P37146,0.0,0.0,0.0
P37180,0.0,0.0,0.0
P37188,0.0,0.0,0.0
P37306,1.9885549281828094e-07,1.98855492818281e-07,1.866082856095178e-07
P37329,2.4865600327559793e-12,2.4865600327559793e-12,2.333416584080812e-12
P37330,4.985091867022299e-07,1.4080752735094153e-09,0.0
P37339,0.0,0.0,0.0
P37349,9.990332507101831e-06,3.2957881251612644e-06,3.041912976794665e-06
P37351,0.0,0.0,0.0
P37353,0.0,0.0,0.0
P37355,0.0,0.0,0.0
P37387,0.0,0.0,0.0
P37388,0.0,0.0,0.0
P37595,0.0,0.0,0.0
P37596,0.0,0.0,0.0
P37610,0.0,0.0,0.0
P37617,0.0,0.0,0.0
P37623,0.0,0.0,0.0
P37646,0.0,0.0,0.0
P37647,0.0,0.0,0.0
P37661,0.0,0.0,0.0
P37666,0.0,0.0,0.0
P37672,0.0,0.0,0.0
P37677,0.0,0.0,0.0
P37678,0.0,0.0,0.0
P37679,0.0,0.0,0.0
P37680,0.0,0.0,0.0
P37685,1.0778902101062998e-06,0.0,0.0
P37686,0.0,3.5096944006314464e-09,3.5096944006314464e-09
P37689,0.0,0.0,0.0
P37691,0.0,0.0,0.0
P37692,0.0,0.0,0.0
P37744,0.0,0.0,0.0
P37745,0.0,0.0,0.0
P37747,0.0,0.0,0.0
P37748,0.0,0.0,0.0
P37749,0.0,0.0,0.0
P37750,0.0,0.0,0.0
P37759,0.0,0.0,0.0
P37760,0.0,0.0,0.0
P37766,0.0,0.0,0.0
P37769,0.0,0.0,0.0
P37772,0.0,0.0,0.0
P37773,0.0,0.0,0.0
P37774,0.0,0.0,0.0
P37794,0.0,0.0,0.0
P37902,0.0,0.0,0.0
P37906,0.0,0.0,0.0
P38038,6.054337334366517e-07,6.330422913013137e-07,5.940312085046539e-07
P38051,0.0,0.0,0.0
P38135,0.0,0.0,0.0
P38489,0.0,0.0,0.0
P39160,0.0,0.0,0.0
P39172,0.0,0.0,0.0
P39176,0.0,0.0,0.0
P39208,0.0,0.0,0.0
P39265,0.0,0.0,0.0
P39280,0.0,0.0,0.0
P39286,0.0,0.0,0.0
P39300,0.0,0.0,0.0
P39301,0.0,0.0,0.0
P39304,0.0,0.0,0.0
P39305,0.0,0.0,0.0
P39306,0.0,0.0,0.0
P39325,0.0,0.0,0.0
P39328,0.0,0.0,0.0
P39346,0.0,0.0,0.0
P39358,0.0,0.0,0.0
P39359,0.0,0.0,0.0
P39400,0.0,0.0,0.0
P39411,0.0,0.0,0.0
P39451,0.0,0.0,0.0
P39452,0.0,0.0,0.0
P39829,0.0,0.0,0.0
P39831,0.0,0.0,0.0
P39832,0.0,0.0,0.0
P40191,0.0,0.0,0.0
P40874,0.0,0.0,0.0
P41052,0.0,0.0,0.0
P41409,0.0,0.0,0.0
P42588,0.0,0.0,0.0
P42604,0.0,0.0,0.0
P42630,0.0,0.0,0.0
P42632,0.0,0.0,0.0
P43337,0.0,0.0,0.0
P43341,6.95333594199189e-08,6.953335941991891e-08,6.525090562058959e-08
P45395,0.0,0.0,1.4496800222824441e-08
P45425,0.0,0.0,0.0
P45541,0.0,0.0,0.0
P45543,0.0,0.0,0.0
P45563,0.0,0.0,0.0
P45568,6.36466209216248e-09,6.364662092164564e-09,5.972672238870304e-09
P45578,1.1288009153654176e-07,1.12880091536616e-07,1.064029918222944e-07
P45799,0.0,0.0,0.0
P46022,2.0094608871215347e-08,2.0094608871215347e-08,1.885701248834993e-08
P46859,0.0,0.0,0.0
P46883,0.0,0.0,0.0
P46891,0.0,0.0,0.0
P46923,0.0,0.0,0.0
P50457,1.5828818055409924e-06,1.4240484873939043e-06,1.3363435079977525e-06
P51020,0.0,0.0,0.0
P51025,0.0,0.0,0.0
P51981,0.0,0.0,0.0
P52005,0.0,0.0,0.0
P52006,1.7754895839642784e-09,1.7754895839642784e-09,1.6661398822103408e-09
P52043,0.0,0.0,0.0
P52045,0.0,0.0,0.0
P52061,0.0,0.0,0.0
P52073,0.0,0.0,0.0
P52074,1.4410400833761456e-08,1.4410400833758176e-08,1.3522886174387108e-08
P52086,0.0,0.0,0.0
P52094,0.0,0.0,0.0
P52095,0.0,0.0,0.0
P52643,0.0,0.0,0.0
P52647,1.1713027972163956e-07,1.171302797216404e-07,1.099164040280871e-07
P52697,2.7373896037729553e-07,1.5804065535707378e-07,1.4554063185132005e-07
P54745,0.0,0.0,0.0
P54746,0.0,0.0,0.0
P55734,0.0,0.0,0.0
P56100,0.0,0.0,0.0
P56258,0.0,0.0,0.0
P56579,0.0,0.0,0.0
P56580,0.0,0.0,0.0
P60472,2.227222487574157e-09,2.227222487574157e-09,2.0900512436786943e-09
P60546,2.735983946613808e-07,2.7359839466138075e-07,2.567478858626876e-07
P60560,0.0,0.0,0.0
P60595,6.950150001187456e-08,6.950150001187456e-08,6.522100838500696e-08
P60651,0.0,0.0,0.0
P60664,6.950150001187456e-08,6.950150001187456e-08,6.522100838500696e-08
P60716,0.0,0.0,0.0
P60720,0.0,0.0,0.0
P60752,5.629714003304265e-08,5.629714003304265e-08,5.282988484449477e-08
P60757,3.552245179204956e-06,3.552245179204956e-06,3.333467803989029e-06
P60782,1.09344137492324e-06,1.09344137492324e-06,1.0065241400406122e-06
P60932,0.0,0.0,0.0
P61517,0.0,0.0,1.1349035452596771e-11
P61714,4.699923631544691e-10,4.699923631545493e-10,4.4104624868466515e-10
P61887,0.0,0.0,0.0
P61889,0.0,3.2443788114774497e-06,3.0791781706039937e-06
P61949,1.7578233164248415e-06,1.7578233164254128e-06,1.6454766828318216e-06
P62601,0.0,0.0,0.0
P62615,3.224777218668132e-07,3.224777218669188e-07,3.0261680968418103e-07
P62617,8.957666124593715e-08,8.957666124596648e-08,8.405977098660404e-08
P62620,1.7450383404851012e-06,1.7450383404856726e-06,1.6375640844804802e-06
P62623,2.8792871410788257e-07,2.879287141079768e-07,2.701956227406696e-07
P62707,1.4868043116904864e-06,6.572503473180199e-07,6.202329886271729e-07
P63224,0.0,0.0,0.0
P63228,0.0,0.0,0.0
P63883,4.484391679038692e-09,0.0,0.0
P64461,5.016892957179633e-12,5.0168929571829324e-12,4.729021858768639e-12
P64636,0.0,0.0,0.0
P65870,0.0,0.0,0.0
P66899,0.0,0.0,0.0
P67910,0.0,0.0,0.0
P68066,0.0,0.0,0.0
P68183,0.0,0.0,0.0
P68187,0.0,0.0,0.0
P68688,3.165920025026999e-05,5.805421028991654e-05,7.018410564747181e-05
P68699,0.0001923867291474591,0.0004679424623729276,0.00044350329181674095
P68767,0.0,0.0,0.0
P69054,2.969799208460822e-06,5.585377159142994e-06,5.307707579798111e-06
P69330,0.0,0.0,0.0
P69432,0.0,0.0,0.0
P69441,5.269017252523433e-07,5.54460051303882e-07,1.033678823208848e-06
P69451,0.0,0.0,0.0
P69490,0.0,0.0,0.0
P69503,0.0,0.0,0.0
P69739,0.0,0.0,0.0
P69741,0.0,0.0,0.0
P69776,0.0,0.0,0.0
P69783,8.630344515033084e-06,3.878870350694958e-06,3.7604566065185554e-06
P69786,0.0,0.0,3.7604566065185554e-06
P69791,0.0,0.0,0.0
P69795,0.0,0.0,0.0
P69797,0.0,0.0,0.0
P69801,0.0,0.0,0.0
P69805,0.0,0.0,0.0
P69811,0.0,0.0,0.0
P69820,0.0,0.0,0.0
P69822,0.0,0.0,0.0
P69824,0.0,0.0,0.0
P69826,0.0,0.0,0.0
P69828,0.0,0.0,0.0
P69831,0.0,0.0,0.0
P69874,0.0,0.0,0.0
P69902,0.0,0.0,0.0
P69908,4.965128559756674e-08,0.0,0.0
P69910,1.3114574946251553e-08,0.0,0.0
P69922,0.0,0.0,0.0
P69924,0.0,0.0,0.0
P71241,0.0,0.0,0.0
P75682,0.0,0.0,0.0
P75691,0.0,0.0,0.0
P75713,0.0,0.0,0.0
P75726,0.0,0.0,0.0
P75728,0.0,0.0,0.0
P75792,0.0,0.0,0.0
P75796,0.0,0.0,0.0
P75797,0.0,0.0,0.0
P75798,0.0,0.0,0.0
P75799,0.0,0.0,0.0
P75804,0.0,0.0,0.0
P75806,3.1257717823813245e-07,3.1257717823813245e-07,2.933260254720824e-07
P75809,0.0,0.0,0.0
P75820,0.0,0.0,0.0
P75823,0.0,0.0,0.0
P75838,0.0,0.0,0.0
P75851,0.0,0.0,0.0
P75853,0.0,0.0,0.0
P75893,0.0,0.0,0.0
P75894,0.0,0.0,0.0
P75895,0.0,0.0,0.0
P75897,0.0,0.0,0.0
P75898,0.0,0.0,0.0
P75905,0.0,0.0,0.0
P75908,0.0,0.0,0.0
P75913,0.0,0.0,0.0
P75948,0.0,0.0,0.0
P75949,0.0,0.0,0.0
P75954,0.0,0.0,0.0
P75959,0.0,0.0,0.0
P76008,0.0,0.0,0.0
P76014,9.990332507101831e-06,3.2957881251612644e-06,3.041912976794665e-06
P76015,9.990332507101831e-06,3.2957881251612644e-06,3.041912976794665e-06
P76038,0.0,0.0,0.0
P76052,0.0,0.0,0.0
P76077,0.0,0.0,0.0
P76078,0.0,0.0,0.0
P76079,0.0,0.0,0.0
P76080,0.0,0.0,0.0
P76081,0.0,0.0,0.0
P76082,0.0,0.0,0.0
P76083,0.0,0.0,0.0
P76084,0.0,0.0,0.0
P76085,0.0,0.0,0.0
P76108,0.0,0.0,0.0
P76112,0.0,0.0,0.0
P76113,0.0,0.0,0.0
P76129,0.0,0.0,0.0
P76142,0.0,0.0,0.0
P76143,8.633269140154376e-09,8.633269140160054e-09,8.137889092888802e-09
P76145,0.0,0.0,0.0
P76149,5.4473484580386376e-08,0.0,0.0
P76173,0.0,0.0,0.0
P76190,0.0,0.0,0.0
P76193,0.0,0.0,0.0
P76194,0.0,0.0,0.0
P76215,0.0,0.0,0.0
P76216,0.0,0.0,0.0
P76217,0.0,0.0,0.0
P76234,0.0,0.0,0.0
P76245,0.0,0.0,0.0
P76251,0.0,0.0,0.0
P76270,0.0,0.0,0.0
P76290,0.0,0.0,0.0
P76316,0.0,0.0,0.0
P76372,0.0,0.0,0.0
P76373,0.0,0.0,0.0
P76422,5.2502311453647996e-08,5.250231145364798e-08,4.926877398280003e-08
P76423,0.0,0.0,0.0
P76440,0.0,0.0,0.0
P76445,0.0,0.0,0.0
P76458,0.0,0.0,0.0
P76459,0.0,0.0,0.0
P76461,1.2080185204714616e-08,1.2080185204714618e-08,1.1336184980101389e-08
P76469,0.0,0.0,0.0
P76472,0.0,0.0,0.0
P76473,0.0,0.0,0.0
P76491,0.0,0.0,0.0
P76503,5.6453524566881165e-08,5.6453524566881165e-08,5.6453524566881165e-08
P76514,0.0,0.0,0.0
P76518,0.0,0.0,0.0
P76535,0.0,0.0,0.0
P76536,8.683334038774209e-13,8.683334038774208e-13,8.148540708559506e-13
P76558,0.0,0.0,0.0
P76577,0.0,0.0,0.0
P76641,0.0,0.0,0.0
P76658,0.0,0.0,0.0
P77044,0.0,0.0,0.0
P77150,0.0,0.0,0.0
P77156,0.0,0.0,0.0
P77161,0.0,0.0,0.0
P77172,0.0,0.0,0.0
P77202,0.0,0.0,0.0
P77215,0.0,0.0,0.0
P77218,2.7883848503662484e-05,0.0,0.0
P77231,0.0,0.0,0.0
P77243,0.0,0.0,0.0
P77247,7.321800446135466e-07,0.0,0.0
P77252,0.0,0.0,0.0
P77256,0.0,0.0,0.0
P77257,0.0,0.0,0.0
P77272,0.0,0.0,0.0
P77302,0.0,0.0,0.0
P77319,0.0,0.0,0.0
P77334,0.0,0.0,0.0
P77357,0.0,0.0,0.0
P77364,0.0,0.0,0.0
P77366,0.0,0.0,0.0
P77374,0.0,0.0,0.0
P77397,0.0,0.0,0.0
P77398,0.0,0.0,0.0
P77399,5.580454222058729e-08,5.981171088533427e-08,5.185167031964536e-08
P77425,0.0,0.0,0.0
P77432,5.941143001066472e-09,5.941143001070379e-09,5.600238107114884e-09
P77433,0.0,0.0,0.0
P77434,1.9887646710512122e-07,0.0,0.0
P77444,0.0,0.0,0.0
P77454,0.0,0.0,0.0
P77455,0.0,0.0,0.0
P77467,0.0,0.0,0.0
P77475,0.0,0.0,0.0
P77488,1.1039126457362077e-07,1.1039126457365123e-07,1.0359243456844849e-07
P77495,0.0,0.0,0.0
P77499,0.0,0.0,0.0
P77522,0.0,0.0,0.0
P77526,0.0,0.0,0.0
P77536,0.0,0.0,0.0
P77541,0.0,0.0,0.0
P77555,0.0,0.0,0.0
P77567,0.0,0.0,0.0
P77570,0.0,0.0,0.0
P77580,0.0,2.8331844386761562e-06,1.8615884443566368e-06
P77581,8.033251286976923e-08,0.0,0.0
P77596,0.0,0.0,0.0
P77608,0.0,0.0,0.0
P77619,0.0,0.0,0.0
P77625,0.0,0.0,0.0
P77650,0.0,0.0,0.0
P77671,0.0,0.0,0.0
P77672,0.0,0.0,0.0
P77674,0.0,0.0,0.0
P77689,0.0,0.0,0.0
P77690,0.0,0.0,0.0
P77718,1.8813348589437043e-06,1.881334858943704e-06,1.7654663077661497e-06
P77731,0.0,0.0,0.0
P77756,0.0,0.0,0.0
P77757,0.0,0.0,0.0
P77781,0.0,0.0,0.0
P77783,0.0,0.0,0.0
P77788,0.0,0.0,0.0
P77790,0.0,0.0,0.0
P77791,0.0,0.0,0.0
P77795,0.0,0.0,0.0
P78055,0.0,0.0,2.3506141444545654e-07
P78061,0.0,0.0,0.0
P80644,0.0,0.0,0.0
P80645,0.0,0.0,0.0
P80668,0.0,0.0,0.0
Q46799,0.0,0.0,0.0
Q46800,0.0,0.0,0.0
Q46801,0.0,0.0,0.0
Q46806,0.0,0.0,0.0
Q46810,0.0,0.0,0.0
Q46822,0.0,0.0,0.0
Q46829,0.0,0.0,0.0
Q46845,0.0,0.0,0.0
Q46851,0.0,0.0,0.0
Q46856,2.0899612027366654e-06,0.0,0.0
Q46857,0.0,0.0,0.0
Q46871,0.0,0.0,0.0
Q46877,0.0,0.0,0.0
Q46890,0.0,0.0,0.0
Q46893,4.470561500459411e-09,4.470561500460875e-09,4.195226420399674e-09
Q46915,0.0,0.0,0.0
Q46920,0.0,0.0,0.0
Q46925,0.0,0.0,0.0
Q46938,0.0,0.0,0.0
Q47140,0.0,0.0,0.0
Q47146,4.825351458210464e-06,5.187280608544323e-06,4.86780388923189e-06
Q47537,0.0,0.0,0.0
Q47538,0.0,0.0,0.0
Q47539,0.0,0.0,0.0
Q47690,0.0,0.0,0.0
Q59385,0.0,0.0,0.0
Q6BEX0,0.0,0.0,0.0
Q6BF16,0.0,0.0,0.0
Q6BF17,0.0,0.0,0.0
Q93K97,0.0,0.0,0.0
