,lb,lb.1,lb.2
O32583,4.527063639742299e-09,4.527063639741281e-09,1.5385092754264572e-09
P00350,2.960461837804196e-08,2.9604618378463953e-08,6.502647298980055e-09
P00363,0.0,0.0,0.0
P00370,0.050311355255377554,0.05031135525552038,0.01709883507032739
P00393,0.0,0.0,0.0
P00448,1.2278983075142113e-07,0.0,0.0
P00452,0.0,0.0,0.0
P00490,0.0,0.0,0.0
P00509,0.21705379243402015,0.21705379243396833,0.0737650935574729
P00547,7.248566453419522e-09,7.248566453104221e-09,2.4620464884682047e-09
P00550,0.0,0.0,0.0
P00561,7.531967202944909e-09,7.531967202943212e-09,2.559716921628752e-09
P00562,0.0,0.0,0.0
P00634,0.0,0.0,0.0
P00722,0.0,0.0,0.0
P00805,0.0,0.0,0.0
P00816,0.0,0.0,0.0
P00861,5.341584181083907e-09,5.341584181082703e-09,1.8153216879753511e-09
P00864,1.3354377587510417e-09,1.3354377587270396e-09,4.537420309043818e-10
P00887,0.0,0.0,0.0
P00888,1.2792542490967163,1.2792542490964276,0.43475079753374984
P00893,1.0,4.901925782146048,0.0
P00894,0.4087451835876226,2.0036385537561867,0.0
P00895,0.274449864924417,0.27444986492435514,0.09327098013797523
P00903,2.432445975117717e-10,2.432445975116814e-10,8.266596170283449e-11
P00904,3.247498870228315e-09,3.247498870227583e-09,1.1036529484413466e-09
P00909,1.7659573417970057e-09,1.7659573417966077e-09,6.00155413436336e-10
P00926,0.0,0.0,0.0
P00934,3.314395245425106e-08,3.314395245424359e-08,1.126387484980473e-08
P00935,0.928144290871998,0.9281442908717883,0.31542710994934575
P00936,0.0,0.0,0.0
P00944,0.0,0.0,0.0
P00946,0.0,0.0,0.0
P00963,1.0,1.0,1.0
P00968,0.0,0.0,0.0
P02916,0.0,0.0,0.0
P02918,1.0,1.0,1.0
P02919,1.1571058518085416e-09,1.157105851808259e-09,3.2954283560915307e-10
P02924,0.0,0.0,0.0
P02925,0.0,0.0,0.0
P03959,0.0,0.0,0.0
P03960,0.0,0.0,0.0
P03961,0.0,0.0,0.0
P04036,4.756197061072398e-09,4.7561970610713274e-09,1.6163795953689053e-09
P04079,2.4793056464551806e-08,2.4793056464546214e-08,8.425847386376969e-09
P04391,0.16577163718034163,0.16577163718030427,0.056337003784444936
P04425,0.0,0.0,0.0
P04693,0.14864164240779376,0.1486416424077603,0.05051542539658912
P04805,0.07151495889719753,0.07151495889718142,0.024304148638242568
P04825,0.0,0.0,0.0
P04951,0.42187904142795873,0.42187904142786364,0.143374352559772
P04968,0.0009462550270848072,0.0009462550270845941,0.0003215819904338172
P04982,0.0,0.0,0.0
P04983,0.0,0.0,0.0
P05020,3.2494809607184566e-08,3.249480960717725e-08,1.104326556070152e-08
P05041,3.901245726140621,3.901245726139172,1.32582689642215
P05042,0.0,0.0,0.0
P05194,0.4216600865616949,0.4216600865615998,0.14329994139185964
P05459,0.07913038520894478,0.07913037588839596,0.013446112862603438
P05637,0.0,0.0,0.0
P05706,0.0,0.0,0.0
P05707,0.0,0.0,0.0
P05791,2.162136805874577e-09,2.1621368058740903e-09,7.347958401504434e-10
P05793,1.0920999148270305e-08,1.0920999148267847e-08,3.71146946975429e-09
P05804,0.0,0.0,0.0
P05847,0.0,0.0,0.0
P06149,0.0,0.0,0.0
P06282,0.0,0.0,0.0
P06609,0.0,0.0,0.0
P06610,0.0,0.0,0.0
P06611,0.0,0.0,0.0
P06715,0.09178160461811383,0.09178160461809318,0.03119170863401634
P06720,0.0,0.0,0.0
P06721,0.0,0.0,0.0
P06959,7.101764061014454e-08,7.101764061013494e-08,2.8357403841900235e-08
P06960,0.0,0.0,0.0
P06968,0.0,0.0,0.0
P06972,0.0,0.0,0.0
P06983,1.738386179408215e-09,1.7383861794078234e-09,5.907854349149255e-10
P06986,0.01908167924067875,0.019081679240674446,0.006484852619427254
P06987,0.041511597710803046,0.041511597710793685,0.014107594502355549
P06988,1.5916587985765248e-08,1.5916587985761658e-08,5.409205656900175e-09
P06989,4.662396259378831e-09,4.66239625937778e-09,1.5845016685421006e-09
P06999,2.6045657568797454e-08,2.604565756868781e-08,9.401872522369815e-09
P07000,0.0,7.062635476451362e-21,0.0
P07001,0.0,0.0,0.0
P07003,0.0,0.0,0.0
P07004,0.40142922527828817,0.40142922527819774,0.13642454263202272
P07014,1.006071023419536e-08,1.0060710234117844e-08,4.044229464305733e-09
P07023,0.000600083863986999,0.0006000838639868638,0.00020393673786090206
P07024,0.0,0.0,0.0
P07102,0.0,0.0,0.0
P07109,0.0,0.0,0.0
P07623,1.0210931750372771e-09,1.0210931750370465e-09,3.4701551510747634e-10
P07639,0.012450474981695244,0.012450474981692435,0.00423125733745894
P07650,0.0,0.0,0.0
P07654,0.0,0.0,0.0
P07762,0.0,0.0,0.0
P07821,0.0,0.0,0.0
P07822,0.0,0.0,0.0
P07862,0.0,0.0,0.0
P07913,0.0,0.0,0.0
P08142,6.793610290656056e-09,6.0001169698901e-09,2.377899592176058e-09
P08178,2.726321863524343e-08,2.7263218635236125e-08,9.265324741643648e-09
P08179,2.713582847863189e-09,2.7135828478624608e-09,9.222031571248528e-10
P08192,0.019958620990938286,0.019958620990930872,0.006782878696405361
P08200,0.7173035175092579,0.7173035175044066,0.28552416534180197
P08201,0.0,0.0,0.0
P08202,0.0,0.0,0.0
P08203,0.0,0.0,0.0
P08204,0.0,0.0,0.0
P08244,1.9187052207838344e-09,1.9187052207834026e-09,6.520663312683484e-10
P08331,0.0,0.0,0.0
P08337,0.0,0.0,0.0
P08373,2.942500062918014,2.942500062917351,0.9999999999999999
P08506,0.0,0.0,0.0
P08660,4.593282402000199e-09,4.593282401999164e-09,1.5610135271994315e-09
P08722,0.0,0.0,0.0
P08839,1.595241843096231e-08,1.595241843095985e-08,5.956875284388842e-09
P08997,0.0,0.0,0.0
P09029,1.8489374187822543e-08,1.8489374187817583e-08,6.283559487671255e-09
P09053,7.460229634808581e-09,7.4602296348069e-09,2.535337119894717e-09
P09099,0.0,0.0,0.0
P09126,0.0050696980431819355,0.005069698043180794,0.001722921982932576
P09147,0.0,0.0,0.0
P09148,0.0,0.0,0.0
P09151,8.442806136028671e-09,8.442806136026769e-09,2.8692628565846548e-09
P09152,0.0,0.0,0.0
P09158,0.0,0.0,0.0
P09323,0.0,0.0,0.0
P09373,0.0,0.0,0.0
P09394,0.0,0.0,0.0
P09424,0.0,0.0,0.0
P09546,0.0,0.0,0.0
P09551,0.0,0.0,0.0
P09831,0.0,0.0,0.0
P09832,0.0,0.0,0.0
P09833,0.0002233001450907282,0.0002233001450906779,7.588789815327521e-05
P0A6A3,0.0,0.0,0.0
P0A6A6,0.0032766174171839687,0.00327661741718323,0.0011135488010608967
P0A6A8,0.8811994548558577,0.8811994548566796,0.2994730453742084
P0A6B4,0.0,0.0,0.0
P0A6B7,1.6020635911723674e-08,1.6020635911720034e-08,5.4445660387977535e-09
P0A6C5,9.238195509807912e-08,9.23819550980583e-08,3.139573598053415e-08
P0A6C8,1.597750615205585e-09,1.5977506152052247e-09,5.429908516709188e-10
P0A6D3,1.077250145976501,1.0772501459762578,0.3661002966668468
P0A6D5,0.0,0.0,0.0
P0A6D7,0.6421462313747897,0.5119366439252552,0.21823150981957393
P0A6E1,0.0,1.0,0.0
P0A6E4,1.0486340899641278e-07,1.0486340899638916e-07,3.563752141178273e-08
P0A6E6,9.782367139332546e-07,9.782367139336898e-07,3.8162558822224355e-07
P0A6F1,0.0,0.0,0.0
P0A6F3,0.0,0.0,0.0
P0A6G3,0.0,0.0,0.0
P0A6G5,0.0,0.0,0.0
P0A6H8,0.0,0.0,0.0
P0A6I0,0.18399397731901054,0.18399397731896916,0.06252981253517688
P0A6I3,0.23772633864688172,0.23772633864688172,0.08079059764261268
P0A6I6,0.4277653129215061,0.4277653129215061,0.14537478463016335
P0A6I9,3.4135804927983152e-09,3.4135804927983152e-09,1.1600952998480787e-09
P0A6J1,0.9100662088989684,0.9100662088987637,0.3092833269123099
P0A6J5,0.0,0.0,0.0
P0A6J8,0.35872567860183524,0.3587256786017544,0.1219118677761708
P0A6K1,7.059797019311362e-10,7.059797019309773e-10,2.399251272168305e-10
P0A6K6,0.2730727511894269,0.27307275118935687,0.08630143936986491
P0A6L0,0.0,0.0,0.0
P0A6L2,0.15666135305676507,0.15666135305672982,0.05324090049514132
P0A6L4,0.0,0.0,0.0
P0A6L7,0.0,0.0,0.0
P0A6P9,0.22660655196537383,0.22660655196466617,0.08299493870140703
P0A6Q3,0.0,0.0,0.0
P0A6Q6,4.309564898710355e-08,4.309564898709383e-08,1.4645929673954367e-08
P0A6R0,1.7194539118662393e-05,1.7194539118658514e-05,5.843513594222641e-06
P0A6S7,0.5677659698869739,0.5677659698868459,0.19295359651545174
P0A6T1,0.1157087639616004,0.11570876396109218,0.04477130505004114
P0A6T3,0.0,0.0,0.0
P0A6T5,4.656433459929512e-08,4.656433459927783e-08,1.5824752286706046e-08
P0A6T9,0.017234177100969608,0.017234177109313464,0.005893125668388765
P0A6U8,0.0,0.0,0.0
P0A6V1,0.0,0.0,0.0
P0A6V5,0.0,0.0,0.0
P0A6V8,0.0,0.0,0.0
P0A6W0,0.0,0.0,0.0
P0A6W3,1.2700669900784897e-09,1.2700669900782035e-09,4.316285345526863e-10
P0A6W9,0.0,0.0,0.0
P0A6X1,5.794829206454996e-09,5.7948292064536905e-09,1.969355678010891e-09
P0A715,0.018514655683089673,0.0185146556830855,0.006292151329549703
P0A717,1.0,1.0,1.0
P0A720,0.4843229959756798,0.4843229959755707,0.16459574702451732
P0A722,0.490589212905321,0.4905892129052104,0.16672530243510483
P0A725,2.8725324354518114e-09,2.8725324354511633e-09,9.762217074018281e-10
P0A731,0.0,0.0,0.0
P0A738,0.0,0.0,0.0
P0A744,0.0,0.0,0.0
P0A746,0.0,0.0,0.0
P0A749,0.9118305929002986,0.911830592900093,0.309882947630613
P0A752,1.143066958469364,1.1430669584683477,0.3884679469932438
P0A754,0.0,0.0,0.0
P0A759,0.0,0.0,0.0
P0A761,0.0,0.0,0.0
P0A763,0.0,0.0,0.0
P0A786,0.12530541233372397,0.12530541233369574,0.04258467617820924
P0A790,0.36468251224191545,0.36468251224191545,0.12393628018474608
P0A794,0.03148438582216324,0.03148438582215615,0.01069987600643952
P0A796,1.0,1.0,0.0007921748615253671
P0A799,0.027233026532847725,0.027233026532732917,0.009910641225855466
P0A7A7,3.3959158866250565e-09,3.3959158866242913e-09,1.1540920353481315e-09
P0A7A9,0.0943678671917093,0.0,0.011666647619696801
P0A7B1,0.0,0.0,0.0
P0A7B3,0.02844290555444462,0.02844290555450906,0.00966623787468247
P0A7B5,3.0335939041342955e-09,3.033593904133612e-09,1.0309579742628604e-09
P0A7D4,2.48004671690288e-08,2.4800467169021623e-08,8.428365892516962e-09
P0A7D7,0.7558438591071941,0.7558438591069913,0.2568713145098823
P0A7E1,1.0,1.0,0.46500430286820466
P0A7E3,2.5182969759497037e-08,2.5182969759491366e-08,8.558358273924256e-09
P0A7E5,2.7932158556561133e-09,2.7932158556554842e-09,9.49266200825886e-10
P0A7E9,0.17955601286087602,0.17955601286083558,0.06102158335480685
P0A7F3,0.0,0.0,0.0
P0A7F6,0.0,0.0,0.0
P0A7I7,1.0452172228297743,1.0452172228296566,0.3552140018625761
P0A7J0,0.9783417132487608,0.9783417132486507,0.33248655644165465
P0A7Z0,0.0019059613894903081,0.0019059613895254716,0.0
P0A817,0.015775964418710767,0.01577596441870743,0.005361415150851749
P0A825,4.2461979797002636e-10,4.2461979795992163e-10,1.4426251954177062e-10
P0A836,0.34248814770821207,0.34248814770532554,0.1414054971345708
P0A840,1.0,4.053187651921038,1.0
P0A853,0.0024664044634397516,0.0024664044634391956,0.000838200309499355
P0A858,0.3206701844922427,0.32067018449122864,0.11556814400740786
P0A867,0.0,0.0,0.0
P0A870,0.6724864497257563,0.6724864497549957,0.12464883188017668
P0A877,0.009096892143327774,0.009096892143325725,0.0030915520641676994
P0A879,0.01993828087279233,0.01993828087278784,0.006775966167021918
P0A884,0.1454738413822924,0.14547384138225963,0.049438857526490285
P0A887,0.0,0.0,0.0
P0A8F0,0.0,0.0,0.0
P0A8F4,0.0,0.0,0.0
P0A8G3,0.0,0.0,0.0
P0A8G6,0.0,0.0,0.0
P0A8K1,0.041319436663799086,0.041319436663789774,0.014042289135186448
P0A8N5,0.0,0.0,0.0
P0A8Q0,0.0,0.0,0.0
P0A8Q3,0.0,0.0,0.0
P0A8Y1,0.0,0.0,0.0
P0A8Y3,0.0,0.0,0.0
P0A8Y5,0.0,0.0,0.0
P0A8Y8,0.0,0.0,0.0
P0A921,0.0,3.185762392054812e-11,0.0
P0A924,0.0,0.0,0.0
P0A935,0.0,0.0,0.0
P0A951,0.0,0.0,0.0
P0A953,2.369887364304379e-07,2.369887364303844e-07,8.053992569686512e-08
P0A955,0.0,0.0,0.029791898680655054
P0A959,0.0,0.0,0.0
P0A962,0.0,0.0,0.0
P0A991,1.2080832650453427e-07,1.2080832650405554e-07,4.105069532901777e-08
P0A993,0.0,0.0,0.0
P0A996,0.0,0.0,0.0
P0A9B2,6.787948908170272e-08,6.787948908141654e-08,2.470269920501496e-08
P0A9B6,0.00189709600015854,0.001897095776704859,0.00032236121259829066
P0A9C0,0.0,0.0,0.0
P0A9C3,0.0,0.0,0.0
P0A9C5,1.2720228010898652e-07,1.2720228010895476e-07,4.322932111778432e-08
P0A9C9,0.0,0.0,0.0
P0A9D4,0.49580746528256797,0.49580746528245645,0.16849871017194962
P0A9D8,0.19727875490656172,0.1972787549065173,0.06704460516168166
P0A9G6,0.0,0.0,0.0
P0A9H3,0.0,0.0,0.0
P0A9H5,0.0,0.0,0.0
P0A9H7,0.0,0.0,0.0
P0A9I1,0.0,0.0,0.0
P0A9I8,0.0,0.0,0.0
P0A9J4,0.0,0.0,0.0
P0A9J6,0.0,0.0,0.0
P0A9J8,0.0008339320910864139,0.000833932091086226,0.0002834093706898416
P0A9L8,0.012653729785015874,0.012653729785013022,0.004300332885113838
P0A9M2,0.0,0.0,0.0
P0A9M5,0.0,0.0,0.0
P0A9M8,0.06935137690371115,0.06935137690369551,0.0
P0A9N4,0.0,0.0,0.0
P0A9N8,0.0,0.0,0.0
P0A9P0,7.432112324856692e-08,7.43211232485444e-08,2.97010272892598e-08
P0A9P4,0.0,0.0,0.0
P0A9P9,0.0,0.0,0.0
P0A9Q5,0.14562930943421487,0.145629309434182,0.04949169288710137
P0A9Q7,0.0,0.0,0.0
P0A9Q9,0.3019015474784187,0.3019015474783507,0.1026003537886179
P0A9S1,0.0,0.0,0.0
P0A9S3,0.0,0.0,0.0
P0A9S5,0.0,0.0,0.0
P0A9T0,3.0998489702696764e-08,3.0998489702215285e-08,1.0532694292157363e-08
P0A9U8,3.4678075870392124e-10,3.4678075870384307e-10,1.1785242184838772e-10
P0A9V1,0.006531382905152663,0.0065313829051511915,0.002219671288188735
P0A9V8,0.0,0.0,0.0
P0A9X1,0.0,0.0,0.0
P0AA04,0.7635674973065582,0.7635674973064405,0.2851276984961646
P0AA25,0.0,0.0,0.0
P0AA84,0.0,0.0,0.0
P0AA89,0.0,0.0,0.0
P0AAB4,7.84677867041683e-05,7.846778670415007e-05,2.6667046737920446e-05
P0AAF3,0.0,0.0,0.0
P0AAF6,0.0,0.0,0.0
P0AAG3,0.0,0.0,0.0
P0AAG8,0.0,0.0,0.0
P0AAH0,0.0,0.0,0.0
P0AAI1,0.0,0.0,0.0
P0AAI5,0.0,0.0,0.0
P0AAI9,0.0016367621133259664,0.0016367621133255971,0.0005562487946738816
P0AAJ1,0.0,0.0,0.0
P0AAJ3,0.0,0.0,0.0
P0AAJ5,0.0,0.0,0.0
P0AAJ8,0.0,0.0,0.0
P0AAK1,0.0,0.0,0.0
P0AAK7,0.0,0.0,0.0
P0AAL3,0.0,0.0,0.0
P0AAM1,0.0,0.0,0.0
P0AAN3,0.0,0.0,0.0
P0AAX8,0.0,0.0,0.0
P0AB65,0.0,-7.049340178255647e-14,0.0
P0AB67,0.0,0.0,0.0
P0AB71,1.0,1.0,1.0
P0AB74,0.0,0.0,0.0
P0AB77,0.0,0.0,0.0
P0AB80,2.104093065018126e-09,2.104093065017652e-09,7.150698453788788e-10
P0AB87,0.0,0.0,0.0
P0AB89,3.315130309669025e-09,3.3151303096681077e-09,1.1266372944037635e-09
P0AB91,0.0,0.0,0.0
P0AB96,0.0,0.0,0.0
P0AB98,9.782367139332546e-07,9.782367139336898e-07,3.8162558822224355e-07
P0ABA0,9.782367139332546e-07,9.782367139336898e-07,3.8162558822224355e-07
P0ABA4,9.782367139332546e-07,9.782367139336898e-07,3.8162558822224355e-07
P0ABA6,9.782367139332546e-07,9.782367139336898e-07,3.8162558822224355e-07
P0ABB0,9.782367139332546e-07,9.782367139336898e-07,3.8162558822224355e-07
P0ABB4,9.782367139332546e-07,9.782367139336898e-07,3.8162558822224355e-07
P0ABB8,0.0,0.0,0.0
P0ABC0,0.0,0.0,0.0
P0ABD3,0.0,0.0,0.0
P0ABD5,0.0636959802812111,0.06369598028119672,0.021646891731259686
P0ABD8,0.07890647759997511,0.0789064775999573,0.02681613454979002
P0ABE9,0.0,0.0,0.0
P0ABF6,0.0,0.0,0.0
P0ABF8,0.0,0.0,0.0
P0ABG1,3.796934389824461e-09,3.796934389823605e-09,1.2903769952885307e-09
P0ABG4,4.835373816801434e-11,4.835373816800344e-11,1.643287583146658e-11
P0ABH7,2.3707446255797126e-08,2.3707446255636782e-08,9.436798564820557e-09
P0ABI8,3.6051165032382426e-08,3.6051165032396555e-08,1.4040670918624943e-08
P0ABJ1,3.6051165032382426e-08,3.6051165032396555e-08,1.4040670918624943e-08
P0ABJ3,3.6051165032382426e-08,3.6051165032396555e-08,1.4040670918624943e-08
P0ABJ6,3.6051165032382426e-08,3.6051165032396555e-08,1.4040670918624943e-08
P0ABJ9,0.0,0.0,0.0
P0ABK2,0.0,0.0,0.0
P0ABK5,0.05848439235430892,0.05848439235428967,0.0020167891242076083
P0ABK9,0.0,0.0,0.0
P0ABL1,0.0,0.0,0.0
P0ABL3,0.0,0.0,0.0
P0ABL5,0.0,0.0,0.0
P0ABL8,0.0,0.0,0.0
P0ABM1,0.0,0.0,0.0
P0ABM5,0.0,0.0,0.0
P0ABN1,0.0,0.0,0.0
P0ABP8,6.29154676499809e-05,6.291546764996628e-05,2.1381636807031756e-05
P0ABQ0,0.2764966516667111,0.2764966516667111,0.09396657459784548
P0ABQ2,0.0,0.0,0.0
P0ABQ4,0.37109586298213765,0.37109586298205266,0.12611583858867606
P0ABR5,0.0,0.0,0.0
P0ABR9,0.0,0.0,0.0
P0ABU0,0.0,0.0,0.0
P0ABW0,0.0,0.0,0.0
P0ABY4,0.019440198749486923,0.27560441323052415,0.10016432835326666
P0ABZ4,0.805424446156155,0.8054244461559734,0.27372113132851816
P0AC00,0.0,0.0,0.0
P0AC13,1.4951748288646594e-09,1.495174828864104e-09,5.081307720965373e-10
P0AC16,1.8311843346293704e-09,1.8311843346286905e-09,6.223226152842972e-10
P0AC19,0.0,0.0,0.0
P0AC28,0.0,0.0,0.0
P0AC33,0.0,0.0,0.0
P0AC35,0.0,0.0,0.0
P0AC38,0.0,0.0,0.0
P0AC41,1.006071023419536e-08,1.0060710234117844e-08,4.044229464305733e-09
P0AC44,1.006071023419536e-08,1.0060710234117844e-08,4.044229464305733e-09
P0AC47,0.0,0.0,0.0
P0AC53,0.09923048438331789,0.09923048438473235,0.028705715147307072
P0AC59,1.7996826751484397e-07,1.7996826751480344e-07,6.116168688756885e-08
P0AC62,0.0,0.0,0.0
P0AC69,0.0,0.0,0.0
P0AC75,6.486958011939825e-10,6.486958011938362e-10,2.2045736187705793e-10
P0AC78,0.0,0.0,0.0
P0AC81,0.0,0.0,0.0
P0AC84,0.0,0.0,0.0
P0AC86,0.0,0.0,0.0
P0AC88,0.0,0.0,0.0
P0ACB2,0.13921411728233235,0.13921411728230101,0.04731150868499105
P0ACB4,0.5232315720985398,0.523231572098422,0.17781871228905333
P0ACC7,0.07975197096618004,0.07975197096616206,0.027103472985856695
P0ACD4,1.112480212815598e-08,1.1124802128153443e-08,3.780731313604037e-09
P0ACD8,0.0,0.0,0.0
P0ACE0,0.0,0.0,0.0
P0ACE7,0.0,0.0,0.0
P0ACV0,0.0,0.0,0.0
P0ACV2,0.0,0.0,0.0
P0AD57,0.23083521225008874,0.23083521225003512,0.07844866858598301
P0AD61,0.0,0.0,0.0
P0AD65,1.253592869169497e-09,1.2535928691692145e-09,4.2602985297010865e-10
P0AD68,1.253592869169497e-09,1.2535928691692145e-09,4.2602985297010865e-10
P0AD70,0.0,0.0,0.0
P0ADA1,0.0,0.0,0.0
P0ADC1,0.036069876410179044,0.03606987641017091,0.012258241508552191
P0ADC6,0.06474504302565785,0.06474504302564327,0.02200341262234386
P0ADF6,0.0,0.0,2.3581708656660656e-11
P0ADF8,6.793610290656056e-09,6.0001169698901e-09,2.377899592176058e-09
P0ADG4,0.0,0.0,0.0
P0ADG7,1.9113882969651803e-08,1.911388296964749e-08,6.495796962089775e-09
P0ADI4,0.0,0.0,0.0
P0ADP0,0.0,0.0,0.0
P0ADU2,1.8106564321066966e-05,1.810656432107973e-05,0.0
P0ADV1,0.008226383633417047,0.008226383633415192,0.00279571230501831
P0ADV9,0.14114004357864685,0.141140043578615,0.04796602907755973
P0AE08,0.0,0.0,0.0
P0AE12,0.0,0.0,0.0
P0AE22,0.0,0.0,0.0
P0AE26,0.0,0.0,0.0
P0AE30,0.0,0.0,0.0
P0AE34,0.0,0.0,0.0
P0AE37,0.0,0.0,0.0
P0AE52,0.0,0.0,0.0
P0AE76,0.0,0.0,0.0
P0AEA5,0.0,0.0,0.0
P0AEA8,0.0574746564769112,0.05747465647689825,0.019532593117403307
P0AEB0,0.0,0.0,0.0
P0AEB2,0.0,0.0,0.0
P0AED7,7.926778220936392e-10,7.926778220934609e-10,2.693892285961611e-10
P0AEE5,0.0,0.0,0.0
P0AEG6,0.0,0.0,0.0
P0AEI6,0.0,0.0,0.0
P0AEJ2,0.0,0.0,0.0
P0AEJ6,0.0,0.0,0.0
P0AEK2,3.213511155329764e-08,3.2135111553290393e-08,1.0921023234041984e-08
P0AEK4,7.171969077577169e-06,7.171969077575552e-06,2.4373726165582065e-06
P0AEK7,0.0,0.0,0.0
P0AEL0,0.0,0.0,0.0
P0AEL6,0.0,0.0,0.0
P0AEM9,0.0,0.0,0.0
P0AEN1,3.169600301512767e-06,3.169600301512052e-06,1.0771793487642417e-06
P0AEP3,0.0,0.0,0.0
P0AEP7,0.0,0.0,0.0
P0AEP9,-2.6607007901358765e-08,0.0,0.11515271961094149
P0AEQ3,0.0,0.0,0.0
P0AEQ6,0.0,0.0,0.0
P0AER3,0.0,0.0,0.0
P0AER5,0.0,0.0,0.0
P0AES0,0.0,0.0,0.0
P0AES2,0.0,0.0,0.0
P0AET8,0.0,0.0,0.0
P0AEU0,0.0,0.0,0.0
P0AEU3,0.0,0.0,0.0
P0AEW4,0.0,0.0,0.0
P0AEW6,0.0,0.0,0.0
P0AEW9,0.0,0.0,0.0
P0AEX9,0.0,0.0,0.0
P0AEY3,0.0,0.0,0.0
P0AEZ1,0.5756898843288485,0.5756898843287188,0.1956465155545142
P0AEZ7,0.0,0.0,0.0
P0AF01,5.983419410325642e-15,5.983419410324294e-15,2.03344750463387e-15
P0AF03,0.0,0.0,0.0
P0AF12,0.014020789962958004,0.014020789962954736,0.004764924269552584
P0AF16,4.835373816801434e-11,4.835373816800344e-11,1.643287583146658e-11
P0AF18,0.0,0.0,0.0
P0AF24,0.0,0.0,0.0
P0AF26,0.0,0.0,0.0
P0AF32,0.0,0.0,0.0
P0AF98,0.06685957274873208,0.06685957274871701,0.022722029335295536
P0AFA9,0.0,0.0,0.0
P0AFC0,1.4049386458951943e-11,1.4049386458946723e-11,4.774642704686738e-12
P0AFC3,7.036671358665953e-09,7.036671358669265e-09,2.7234108475339914e-09
P0AFC7,7.036671358665953e-09,7.036671358669265e-09,2.7234108475339914e-09
P0AFD1,7.036671358665953e-09,7.036671358669265e-09,2.7234108475339914e-09
P0AFD4,7.036671358665953e-09,7.036671358669265e-09,2.7234108475339914e-09
P0AFD6,7.036671358665953e-09,7.036671358669265e-09,2.7234108475339914e-09
P0AFE0,7.036671358665953e-09,7.036671358669265e-09,2.7234108475339914e-09
P0AFE4,7.036671358665953e-09,7.036671358669265e-09,2.7234108475339914e-09
P0AFE8,7.036671358665953e-09,7.036671358669265e-09,2.7234108475339914e-09
P0AFF0,7.036671358665953e-09,7.036671358669265e-09,2.7234108475339914e-09
P0AFG3,0.41133704689656714,0.4113370468933605,0.16751506988028406
P0AFG6,0.15266040679661952,0.15266040679542944,0.062170229755451036
P0AFG8,7.101764061014454e-08,7.101764061013494e-08,2.8357403841900235e-08
P0AFI0,0.0,0.0,0.0
P0AFI5,0.0,0.0,0.0
P0AFI7,0.0,0.0,0.0
P0AFK4,0.0,0.0,0.0
P0AFK6,0.0,0.0,0.0
P0AFK9,0.0,0.0,0.0
P0AFL1,0.0,0.0,0.0
P0AFL6,0.0,0.0,0.0
P0AFM2,0.0,0.0,0.0
P0AFP4,0.0,0.0,0.0
P0AFQ5,0.0,0.0,0.0
P0AFR9,0.0,0.0,0.0
P0AFS1,0.0,0.0,0.0
P0AFS3,0.0,0.0,0.0
P0AFS9,0.0,0.0,0.0
P0AFT2,0.0,0.0,0.0
P0AFU8,0.5936795793749923,0.5936795793749254,0.20176026055420898
P0AFV4,0.0,0.0,0.0
P0AG00,0.0,0.0,0.0
P0AG07,2.8415814831558354e-10,2.841581483178796e-10,3.628842647315604e-11
P0AG16,1.699688094399602e-09,1.6996880943991466e-09,5.776340044370247e-10
P0AG18,6.992667887011069e-09,6.992667887009195e-09,2.3764376338113965e-09
P0AG20,0.0,0.0,0.0
P0AG24,0.0,0.0,0.0
P0AG40,0.04115185922086843,0.04115185922086843,0.013985338433629809
P0AG78,0.0,0.0,0.0
P0AG80,0.0,0.0,0.0
P0AG82,0.0,0.0,0.0
P0AG84,0.0,0.0,0.0
P0AGB0,2.789954465417192e-06,2.7899544653738573e-06,9.479731998272852e-07
P0AGC3,0.0,0.0,0.0
P0AGC5,0.0,0.0,0.0
P0AGD1,0.0,0.0,0.0
P0AGD3,0.0,1.4831457265146434e-07,0.0
P0AGE6,0.0,0.0,0.0
P0AGE9,0.293857820874668,0.29385782087219137,0.12132715110207518
P0AGF6,0.0,0.0,0.0
P0AGG0,8.623090115928698e-10,8.623090115926756e-10,2.9305318373986247e-10
P0AGG2,8.669675020499976e-10,8.66967502050895e-10,2.9463635803298663e-10
P0AGG4,0.0,0.0,0.0
P0AGH8,0.0,0.0,0.0
P0AGI1,0.0,0.0,0.0
P0AGI4,0.0,0.0,0.0
P0AGK1,2.716277297925577e-08,2.7162772979249457e-08,9.231188580610976e-09
P0C066,0.0,0.0,0.0
P0C0T5,0.0,0.0,0.0
P0C7L2,0.0,0.0,0.0
P0C8J6,0.0,0.0,0.0
P0C8J8,0.0,0.0,0.0
P0C8K0,0.0,0.0,0.0
P0C960,0.0,0.0,0.0
P0CI31,0.0,0.0,0.0
P0DP69,0.0,0.0,0.0
P10346,0.0,0.0,0.0
P10371,1.6139255709322437e-09,1.6139255709318797e-09,5.484878628453614e-10
P10378,0.0,0.0,0.0
P10441,0.06253312170318513,0.06253312170317105,0.02125169766051674
P10902,5.2403460831441215,5.240346083139461,1.780916217873201
P10905,0.0,0.0,0.0
P10906,0.0,0.0,0.0
P10907,0.0,0.0,0.0
P10908,0.0,0.0,0.0
P11349,0.0,0.0,0.0
P11350,0.0,0.0,0.0
P11446,4.8781822832414954e-08,4.878182283240396e-08,1.6578359146758715e-08
P11447,0.02524346844886653,0.02524346844886084,0.008578918575734241
P11454,0.0,0.0,0.0
P11458,6.936760743051646e-10,6.936760743045478e-10,2.3574377552168774e-10
P11553,0.0,0.0,0.0
P11868,0.0,0.0,0.0
P11880,0.1274465153672815,0.12744651536725277,0.04331232375264438
P11988,0.0,0.0,0.0
P12008,1.9810424897531434e-09,1.9810424897526963e-09,6.732514689527604e-10
P12281,0.0,0.0,0.0
P12282,0.0,0.0,0.0
P12758,0.0,0.0,0.0
P12995,0.009867988164450541,0.009867988164448315,0.003353606781120904
P12996,0.00016274524101665764,0.00016274524101662094,5.530849194112391e-05
P12998,0.055333513315730234,0.055333513315717765,0.018804931905713255
P12999,2.8163891722417153e-15,2.8163891722410802e-15,9.571415843739224e-16
P13000,3.4801007390202325e-10,3.4801007390194477e-10,1.182702010061842e-10
P13001,0.0003387662398234704,0.00033876623982339395,0.00011512871115711144
P13009,4.5142643664727376e-09,4.51426436647172e-09,1.5341594800157919e-09
P13016,0.0,0.0,0.0
P13029,0.0,0.0,0.0
P13033,0.0,0.0,0.0
P13035,0.0,0.0,0.0
P13482,0.0,0.0,0.0
P14081,0.0,0.0,0.0
P14175,0.0,0.0,0.0
P14176,0.0,0.0,0.0
P14407,1.6629718617562843e-09,1.6629718617449846e-09,6.623489221026979e-10
P14900,4.0680843244647e-09,4.068084324463783e-09,1.382526503816101e-09
P15028,0.0,0.0,0.0
P15029,0.0,0.0,0.0
P15030,0.0,0.0,0.0
P15031,0.0,0.0,0.0
P15042,0.0,0.0,0.0
P15047,0.0,0.0,0.0
P15067,0.0,0.0,0.0
P15254,2.182849159075898e-06,2.182849159075313e-06,7.418348725237139e-07
P15288,0.0,0.0,0.0
P15639,3.073662227548748e-08,3.073662227547947e-08,1.0445750762365507e-08
P15640,7.0338695452834485e-09,7.033869545281563e-09,2.3904398963063443e-09
P15723,0.0,0.0,0.0
P15770,1.1204389192744615,1.1204389192742088,0.38077787436420507
P15877,0.0,0.0,0.0
P15977,0.0,0.0,0.0
P16095,0.0,0.0,0.0
P16429,0.0,0.0,0.0
P16430,0.0,0.0,0.0
P16431,0.0,0.0,0.0
P16432,0.0,0.0,0.0
P16433,0.0,0.0,0.0
P16456,0.0,0.0,0.0
P16676,0.0,0.0,0.0
P16677,0.0,0.0,0.0
P16679,0.0,0.0,0.0
P16682,0.0,0.0,0.0
P16685,0.0,0.0,0.0
P16686,0.0,0.0,0.0
P16687,0.0,0.0,0.0
P16688,0.0,0.0,0.0
P16689,0.0,0.0,0.0
P16690,6.745747689961441e-08,6.74574768995971e-08,2.1317943424303034e-08
P16691,0.0,0.0,0.0
P16692,0.0,0.0,0.0
P16700,0.0,0.0,0.0
P16701,0.0,0.0,0.0
P16703,1.0,1.0,1.0
P17109,0.0,0.0,0.0
P17115,0.0,0.0,0.0
P17169,0.21369984933842653,0.21369984933837835,0.07262526585182294
P17334,0.0,0.0,0.0
P17411,0.0,0.0,0.0
P17443,4.83525196679471e-10,4.83525196679362e-10,1.6432461727799232e-10
P17444,0.0,0.0,0.0
P17445,0.0,0.0,0.0
P17846,3.864632920524019e-10,3.8646329205231487e-10,1.313384142018175e-10
P17854,1.7996826751484397e-07,1.7996826751480344e-07,6.116168688756885e-08
P17952,6.769498973520663e-09,6.7694989735191365e-09,2.3005943343319745e-09
P17993,0.0,0.0,0.0
P18133,0.0,0.0,0.0
P18200,0.0,0.0,0.0
P18335,0.0,0.0,0.0
P18775,0.0,0.0,0.0
P18776,0.0,0.0,0.0
P18777,0.0,0.0,0.0
P18843,0.0544500783851335,0.05445007838508508,0.018504699140475523
P18956,0.0,0.0,0.0
P19317,0.0,0.0,0.0
P19318,0.0,0.0,0.0
P19319,0.0,0.0,0.0
P19624,0.19206291565220562,0.19206291565216238,0.06527201751755986
P19636,0.0,0.0,0.0
P19642,1.0206548219164062e-08,1.2995e-08,4.7292877727366486e-09
P19925,0.0,0.0,0.0
P19926,0.0,0.0,0.0
P20099,0.0,0.0,0.0
P20966,0.0,0.0,0.0
P21151,3.4432662322197424e-07,3.4432662322189663e-07,1.1692642119170643e-07
P21156,2.5986324810420127e-09,2.598632481041428e-09,8.831376127363592e-10
P21169,0.0,0.0,0.0
P21170,0.0,0.0,0.0
P21177,0.6694820585543131,0.6694820585541623,0.22752151036163518
P21179,0.0,0.0,0.0
P21369,0.0,0.0,0.0
P21437,0.0,0.0,0.0
P21514,0.0,0.0,0.0
P21515,0.0,0.0,0.0
P21517,0.0,0.0,0.0
P21599,0.0,0.0,0.0
P21645,4.12136313904978e-10,4.121363139048851e-10,1.4006331523958274e-10
P21829,0.0,0.0,0.0
P22106,1.870971632394473e-08,1.870971632394023e-08,5.523868913923647e-09
P22188,5.207381887327725e-09,5.207381887326551e-09,1.7697134327887406e-09
P22255,5.288422202711908e-09,5.2884222027107185e-09,1.7972547458393159e-09
P22256,0.0,0.0,0.0
P22259,0.0,0.0,0.0
P22333,0.0,0.0,0.0
P22525,0.0,0.0,0.0
P22564,0.0,0.0,0.0
P22634,5.56708310717496e-10,5.567083107173705e-10,1.8919568353905835e-10
P22939,2.764215198872059e-10,2.764215198871426e-10,9.394104128347394e-11
P23200,0.0,0.0,0.0
P23256,8.276944994353562e-10,8.276944994351693e-10,2.8128954349606664e-10
P23331,0.0,0.0,0.0
P23522,0.0,0.0,0.0
P23524,0.0,0.0,0.0
P23538,0.0,0.0,0.0
P23721,1.6813126887546695e-07,1.681312688655435e-07,5.7114110645929505e-08
P23830,0.10287327409709329,0.10287327409707012,0.03496117991415642
P23845,2.5986324810420127e-09,2.598632481041428e-09,8.831376127363592e-10
P23857,0.0,0.0,0.0
P23871,0.0,0.0,0.0
P23876,0.0,0.0,0.0
P23877,0.0,0.0,0.0
P23878,0.0,0.0,0.0
P23883,0.0,0.0,0.0
P23893,0.19425630212710476,0.19425630212706102,0.06601743346590278
P23908,0.04172247094620893,0.04172247094619952,0.014179259151768256
P23917,0.0,0.0,0.0
P23930,0.0,0.0,0.0
P24169,0.0,0.0,0.0
P24173,0.0,0.0,0.0
P24174,0.0,0.0,0.0
P24175,0.0,0.0,0.0
P24182,0.0911457020190773,0.09114570201905672,0.030975599004300452
P24183,0.0,0.0,0.0
P24186,1.3314194488590754e-08,1.331419448858724e-08,4.524789873882563e-09
P24203,0.0,0.0,0.0
P24205,0.0,0.0,0.0
P24215,0.0,0.0,0.0
P24224,0.0,0.0,0.0
P24228,0.0,0.0,0.0
P24232,0.0,0.0,0.0
P24240,0.0,0.0,0.0
P24241,0.0,0.0,0.0
P25397,0.0,0.0,0.0
P25437,0.0,0.0,0.0
P25516,7.086536565231948e-07,7.316029151554326e-07,2.912160704831631e-07
P25519,0.0,0.0,0.0
P25524,0.0,0.0,0.0
P25526,0.0,0.0,0.0
P25534,0.0,0.0,0.0
P25535,0.0,0.0,0.0036636843788672114
P25536,0.0,0.0,0.0
P25539,0.03423298735825476,0.03423298735825091,0.011633980161860628
P25552,0.0,0.0,0.0
P25553,-9.409552826298439e-13,0.0,4.072369212983743e-06
P25665,0.0,0.0,0.0
P25718,0.0,0.0,0.0
P25740,0.0,0.0,0.0
P25741,0.0,0.0,0.0
P25742,0.0,0.0,0.0
P25889,0.0,0.0,0.0
P26281,3.104288973286341e-11,3.1042889732851886e-11,1.054983485780403e-11
P26365,0.0,0.0,0.0
P26458,0.0,0.0,0.0
P26459,0.0,0.0,0.0
P26602,0.09462436799715476,0.09462436799713278,0.03215781341507198
P26612,0.0,0.0,0.0
P26616,0.0,0.0,0.0
P26646,0.0,0.0,0.0
P26647,0.10104176188269123,0.10104176188299445,0.03433874586989483
P27126,0.0,0.0,0.0
P27127,0.0,0.0,0.0
P27128,0.0,0.0,0.0
P27129,0.0,0.0,0.0
P27240,0.0,0.0,0.0
P27241,0.0,0.0,0.0
P27242,0.0,0.0,0.0
P27243,0.0,0.0,0.0
P27247,0.0,0.0,0.0
P27248,0.009474341116844297,0.009474341121431262,0.003239695315861932
P27250,0.0,0.0,0.0
P27253,0.0,0.0,0.0
P27254,0.0,0.0,0.0
P27278,0.0,0.0,0.0
P27300,1.9748553850857893e-09,1.974855385085344e-09,6.711487996120438e-10
P27302,0.14725435964642578,0.21417058239089357,0.02735066186844213
P27306,0.0,0.0,0.0
P27550,0.0,0.0,0.0
P27828,0.0,0.0,0.0
P27829,0.0,0.0,0.0
P27830,0.0,0.0,0.0
P27832,0.0,0.0,0.0
P27833,0.0,0.0,0.0
P27835,0.0,0.0,0.0
P27836,0.0,0.0,0.0
P27848,0.0,0.0,0.0
P28248,0.0,0.0,0.0
P28305,4.54730517623432e-13,4.5473051762326305e-13,1.5453883021245537e-13
P28306,0.0,0.0,0.0
P28629,0.0,0.0,0.0
P28635,0.0,0.0,0.0
P28861,0.0,0.0,0.0
P28903,0.589939200593415,0.5899392005932821,0.20048910381615587
P28904,0.0,0.0,0.0
P29012,0.27841841721135596,0.27841841721129335,0.0946196809713079
P29208,0.0,0.0,0.0
P29680,1.7137247518563092e-10,1.7137247518559233e-10,5.824043212277267e-11
P30011,3.963834741745513e-09,3.963834741741988e-09,1.3470975894608046e-09
P30125,1.0,0.0,0.0
P30126,0.0051435077805652785,0.005143507780564119,0.0017480060052962483
P30136,1.2346554978424534e-12,1.2346554978421753e-12,4.19594042971089e-13
P30137,2.7391590348293864e-10,2.73915903482877e-10,9.308951491110662e-11
P30138,4.527063639742299e-09,4.527063639741281e-09,1.5385092754264572e-09
P30139,2.0894741630813346e-13,2.0894741630808638e-13,7.101016545125398e-14
P30140,4.527063639742299e-09,4.527063639741281e-09,1.5385092754264572e-09
P30147,0.0,0.0,0.0
P30235,0.0,0.0,0.0
P30744,0.0,0.0,0.0
P30745,0.0,0.0,0.0
P30748,0.0,0.0,0.0
P30749,0.0,0.0,0.0
P30750,0.0,0.0,0.0
P30859,0.0,0.0,0.0
P30860,0.0,0.0,0.0
P30863,0.0,0.0,0.0
P31057,0.07567837833585289,0.07567837833585289,0.025719074500442026
P31119,4.889137417961414e-08,4.889137417966474e-08,1.6615589850193448e-08
P31120,0.8044749487797743,0.804474948779593,0.2733984474352037
P31129,0.0,0.0,0.0
P31133,0.0,0.0,0.0
P31134,0.0,0.0,0.0
P31135,0.0,0.0,0.0
P31142,0.0,0.0,0.0
P31434,0.0,0.0,0.0
P31441,0.0,0.0,0.0
P31459,0.0,0.0,0.0
P31467,0.0,0.0,0.0
P31545,0.0,0.0,0.0
P31547,0.0,0.0,0.0
P31548,0.0,0.0,0.0
P31549,0.0,0.0,0.0
P31550,0.0,0.0,0.0
P31551,0.0,0.0,0.0
P31552,0.0,0.0,0.0
P31554,0.013015936560616776,0.013015936560613842,0.00442342779347612
P31572,0.0,0.0,0.0
P31658,0.0,0.0,0.0
P31660,0.0,0.0,0.0
P31663,0.0692572835903648,0.0692572835903648,0.0235368843192457
P31677,0.0,0.0,0.0
P31678,0.0,0.0,0.0
P31806,0.0,0.0,0.0
P31979,7.036671358665953e-09,7.036671358669265e-09,2.7234108475339914e-09
P32055,0.0,0.0,0.0
P32056,0.0,0.0,0.0
P32099,0.0,0.0,0.0
P32125,0.0,0.0,0.0
P32131,0.0,0.0,0.0
P32138,0.0,0.0,0.0
P32140,0.0,0.0,0.0
P32141,0.0,0.0,0.0
P32143,0.0,0.0,0.0
P32166,0.0,0.0,0.0
P32169,0.0,0.0,0.0
P32170,0.0,0.0,0.0
P32171,0.0,0.0,0.0
P32173,0.0,0.0,0.0
P32176,0.0,0.0,0.0
P32662,0.0,0.0,0.0
P32664,0.0,0.0,0.0
P32669,2.4596982225348698e-08,2.4596982225328243e-08,1.0094457513835831e-08
P32674,0.0,0.0,0.0
P32675,0.0,0.0,0.0
P32709,0.0,0.0,0.0
P32718,0.0,0.0,0.0
P32719,0.0,0.0,0.0
P32720,0.0,0.0,0.0
P32721,0.0,0.0,0.0
P33013,0.0,0.0,0.0
P33018,0.0,0.0,0.0
P33022,0.0,0.0,0.0
P33025,0.0,0.0,0.0
P33030,0.0,0.0,0.0
P33195,0.01478066123468092,0.014780661241836917,0.0050541603238460605
P33221,0.5150397047239221,0.5150397047238062,0.0007344022435416672
P33225,0.0,0.0,0.0
P33226,0.0,0.0,0.0
P33232,0.0,0.0,0.0
P33359,0.0,0.0,0.0
P33360,0.0,0.0,0.0
P33361,0.0,0.0,0.0
P33362,0.0,0.0,0.0
P33363,0.0,0.0,0.0
P33570,0.8970034460092506,0.0,0.0
P33590,0.0,0.0,0.0
P33591,0.0,0.0,0.0
P33593,0.0,0.0,0.0
P33594,0.0,0.0,0.0
P33599,7.036671358665953e-09,7.036671358669265e-09,2.7234108475339914e-09
P33602,7.036671358665953e-09,7.036671358669265e-09,2.7234108475339914e-09
P33607,7.036671358665953e-09,7.036671358669265e-09,2.7234108475339914e-09
P33931,0.0,0.0,0.0
P33934,0.0,0.0,0.0
P33937,0.0,0.0,0.0
P33940,0.0,0.0,0.0
P35340,0.0,0.0,0.0
P36548,0.0,0.0,0.0
P36553,3.1956203505006555e-09,3.1956203504999363e-09,1.0860221859542213e-09
P36561,0.0,0.0,0.0
P36562,0.0,0.0,0.0
P36649,0.0,0.0,0.0
P36655,0.0,0.0,0.0
P36672,0.0,0.0,0.0
P36683,1.0,0.0,0.0
P36937,0.0,0.0,0.0
P36938,0.0,0.0,0.0
P37001,0.0,0.0,0.0
P37028,0.0,0.0,0.0
P37051,0.0,0.0,0.0
P37095,0.0,0.0,0.0
P37128,0.0,0.0,0.0
P37146,0.0,0.0,0.0
P37180,0.0,0.0,0.0
P37188,0.0,0.0,0.0
P37306,4.785067723701886e-10,4.785067723700807e-10,1.6261912052286028e-10
P37329,4.087557481296106e-06,4.087557481295184e-06,1.3891443989444e-06
P37330,-7.690795068398035e-11,0.0,0.00033285064272530395
P37339,0.0,0.0,0.0
P37349,2.9574184309623086e-09,2.957418430959849e-09,1.2275875116521932e-09
P37351,0.0,0.0,0.025057726113639944
P37353,0.0,0.0,0.0
P37355,0.0,0.0,0.0
P37387,0.0,0.0,0.0
P37388,0.0,0.0,0.0
P37595,0.0,0.0,0.0
P37596,0.0,0.0,0.0
P37610,0.0,0.0,0.0
P37617,0.0,0.0,0.0
P37623,0.0,0.0,0.0
P37646,0.0,0.0,0.0
P37647,0.0,0.0,0.0
P37661,0.0,0.0,0.0
P37666,0.0,0.0,0.0
P37672,0.0,0.0,0.0
P37677,0.0,0.0,0.0
P37678,0.0,0.0,0.0
P37679,0.0,0.0,0.0
P37680,0.0,0.0,0.0
P37685,0.0,0.0,0.0
P37686,0.0,0.0,0.0
P37689,0.0,0.0,0.0
P37691,0.0,0.0,0.0
P37692,0.0,0.0,0.0
P37744,0.0,0.0,0.0
P37745,0.0,0.0,0.0
P37747,0.0,0.0,0.0
P37748,0.0,0.0,0.0
P37749,0.0,0.0,0.0
P37750,0.0,0.0,0.0
P37759,0.0,0.0,0.0
P37760,0.0,0.0,0.0
P37766,0.0,0.0,0.0
P37769,0.0,0.0,0.0
P37772,0.0,0.0,0.0
P37773,0.0,0.0,0.0
P37774,0.0,0.0,0.0
P37794,0.0,0.0,0.0
P37902,0.0,0.0,0.0
P37906,0.0,0.0,0.0
P38038,3.864632920524019e-10,3.8646329205231487e-10,1.313384142018175e-10
P38051,0.0,0.0,0.0
P38135,0.0,0.0,0.0
P38489,0.0,0.0,0.0
P39160,0.0,0.0,0.0
P39172,0.0,0.0,0.0
P39176,0.0,0.0,0.0
P39208,0.0,0.0,0.0
P39265,0.0,0.0,0.0
P39280,0.0,0.0,0.0
P39286,0.0,0.0,0.0
P39300,0.0,0.0,0.0
P39301,0.0,0.0,0.0
P39304,0.0,0.0,0.0
P39305,0.0,0.0,0.0
P39306,0.0,0.0,0.0
P39325,0.0,0.0,0.0
P39328,0.0,0.0,0.0
P39346,0.0,0.0,0.0
P39358,0.0,0.0,0.0
P39359,0.0,0.0,0.0
P39400,0.0,0.0,0.0
P39411,0.0,0.0,0.0
P39451,0.0,0.0,0.0
P39452,0.0,0.0,0.0
P39829,0.0,0.0,0.0
P39831,0.0,0.0,0.0
P39832,0.0,0.0,0.0
P40191,0.0,0.0,0.0
P40874,0.0,0.0,0.0
P41052,0.0,0.0,0.0
P41409,0.0,0.0,0.0
P42588,0.0,0.0,0.0
P42604,0.0,0.0,0.0
P42630,0.0,0.0,0.0
P42632,0.0,0.0,0.0
P43337,0.0,0.0,0.0
P43341,1.6731840250692284e-10,1.6731840250688513e-10,5.686266743559446e-11
P45395,0.14498460780006733,0.14498460780003464,0.0492725929311584
P45425,0.0,0.0,0.0
P45541,0.0,0.0,0.0
P45543,0.0,0.0,0.0
P45563,0.0,0.0,0.0
P45568,1.5315311997600892e-11,1.53153119975974e-11,5.2048637791405885e-12
P45578,0.04138796989564497,0.04138796989563521,0.014065579952648018
P45799,0.0,0.0,0.0
P46022,4.835373816801434e-11,4.835373816800344e-11,1.643287583146658e-11
P46859,0.0,0.0,0.0
P46883,0.0,0.0,0.0
P46891,0.0,0.0,0.0
P46923,0.0,0.0,0.0
P50457,3.4266936042053492e-09,3.426693604204578e-09,1.1645517522290793e-09
P51020,0.0,0.0,0.0
P51025,0.0,0.0,0.0
P51981,0.0,0.0,0.0
P52005,0.0,0.0,0.0
P52006,4.272367728740619e-12,4.272367728739657e-12,1.4519516184831628e-12
P52043,0.0,0.0,0.0
P52045,0.0,0.0,0.0
P52061,0.0,0.0,0.0
P52073,-5.8201243737301286e-08,0.0,0.25188970988155573
P52074,-4.9390187996792956e-08,0.0,0.2137562589153793
P52086,0.0,0.0,0.0
P52094,0.0,0.0,0.0
P52095,0.0,0.0,0.0
P52643,0.0,0.0,0.0
P52647,1.0384933456357588,1.0384933456355248,0.3529289119558784
P52697,0.056876394877985834,0.05687639487879656,0.01645338728435849
P54745,0.0,0.0,0.0
P54746,0.0,0.0,0.0
P55734,0.0,0.0,0.0
P56100,0.0,0.0,0.0
P56258,0.0,0.0,0.0
P56579,0.0,0.0,0.0
P56580,0.0,0.0,0.0
P60472,5.359374432031966e-12,5.35937443203081e-12,1.8213676524843027e-12
P60546,0.6336849018169256,0.6336849018167827,0.2153559518325088
P60560,0.0,0.0,0.0
P60595,0.16480867909903726,0.1648086790990001,0.05600974531011564
P60651,0.0,0.0,0.0
P60664,0.8037569998003106,0.8037569998001293,0.27315445458418847
P60716,0.0,0.0,0.0
P60720,0.0,0.0,0.0
P60752,0.19606743148303676,0.19606743148299258,0.06663294045560729
P60757,8.547781865508841e-09,8.547781865506912e-09,2.904938549782795e-09
P60782,0.0,6.763008068928276e-09,0.0
P60932,7.521557215016983e-10,7.521557215015288e-10,2.556179117820652e-10
P61517,9.997929876754099e-06,9.99792987675148e-06,3.3977670902202126e-06
P61714,8.7681805300811e-05,8.768180530080112e-05,2.9798403883083328e-05
P61887,0.0,0.0,0.0
P61889,0.05607921607018381,0.05607921607017804,0.022333597745738006
P61949,0.3149159471926651,0.2959081925857157,0.10008114775756627
P62601,0.0,0.0,0.0
P62615,7.759794394658535e-10,7.759794394656765e-10,2.6371433232743263e-10
P62617,0.027014697584138346,0.027014697584132184,0.009180865592692093
P62620,4.1990927790519305e-09,4.1990927790509726e-09,1.4270493421460714e-09
P62623,1.052760283069751,1.0527602830695109,0.3577774887201702
P62707,0.06770411061168019,0.06770411061146876,0.024796716870341396
P63224,0.0,0.0,0.0
P63228,0.0,0.0,0.0
P63883,0.0,0.0,0.0
P64461,0.003392519130845772,0.0033925191308449712,0.0011529376578777362
P64636,0.0,0.0,0.0
P65870,0.0,0.0,0.0
P66899,0.0,0.0,0.0
P67910,0.0,0.0,0.0
P68066,0.0,0.0,0.0
P68183,0.0,0.0,0.0
P68187,0.0,0.0,0.0
P68688,0.0,0.0,0.0
P68699,9.782367139332546e-07,9.782367139336898e-07,3.8162558822224355e-07
P68767,0.0,0.0,0.0
P69054,1.006071023419536e-08,1.0060710234117844e-08,4.044229464305733e-09
P69330,0.0,0.0,0.0
P69432,0.0,0.0,0.0
P69441,0.24773525150075265,0.22435398570854048,0.08572143770530066
P69451,0.0,5.414339897905291e-09,0.0
P69490,0.0,0.0,0.0
P69503,0.0,0.0,0.0
P69739,0.0,0.0,0.0
P69741,0.0,0.0,0.0
P69776,0.0,0.0,0.0
P69783,0.400440290601798,0.400440290601798,0.1457327718394916
P69786,1.0,0.0,0.0
P69791,0.0,0.0,0.0
P69795,0.0,0.0,0.0
P69797,0.0,0.0,0.0
P69801,0.0,0.0,0.0
P69805,0.0,0.0,0.0
P69811,0.0,0.0,0.0
P69820,0.0,0.0,0.0
P69822,0.0,0.0,0.0
P69824,0.0,0.0,0.0
P69826,0.0,0.0,0.0
P69828,0.0,0.0,0.0
P69831,0.0,0.0,0.0
P69874,0.0,0.0,0.0
P69902,0.0,0.0,0.0
P69908,0.0,0.0,0.0
P69910,0.0,0.0,0.0
P69922,0.0,0.0,0.0
P69924,0.0,0.0,0.0
P71241,0.0,0.0,0.0
P75682,0.0,0.0,0.0
P75691,0.0,0.0,0.0
P75713,0.0,0.0,0.0
P75726,0.0,0.0,0.0
P75728,0.0,0.0,0.0
P75792,0.0,0.0,0.0
P75796,0.0,0.0,0.0
P75797,0.0,0.0,0.0
P75798,0.0,0.0,0.0
P75799,0.0,0.0,0.0
P75804,0.0,0.0,0.0
P75806,0.0,0.0,0.0
P75809,1.265942441910581,1.2659424419104384,0.43022681897768056
P75820,0.0,0.0,0.0
P75823,0.09835847917650357,0.09835847145291407,0.0
P75838,0.0,0.0,0.0
P75851,0.0,0.0,0.0
P75853,0.0,0.0,0.0
P75893,0.0,0.0,0.0
P75894,0.0,0.0,0.0
P75895,0.0,0.0,0.0
P75897,0.0,0.0,0.0
P75898,0.0,0.0,0.0
P75905,0.0,0.0,0.0
P75908,0.0,0.0,0.0
P75913,0.0,0.0,0.0
P75948,0.0,0.0,0.0
P75949,0.0,0.0,0.0
P75954,0.0,0.0,0.0
P75959,0.0,0.0,0.0
P76008,0.0,0.0,0.0
P76014,2.9574184309623086e-09,2.957418430959849e-09,1.2275875116521932e-09
P76015,2.9574184309623086e-09,2.957418430959849e-09,1.2275875116521932e-09
P76038,0.0,0.0,0.0
P76052,0.0,0.0,0.0
P76077,0.0,0.0,0.0
P76078,0.0,0.0,0.0
P76079,0.0,0.0,0.0
P76080,0.0,0.0,0.0
P76081,0.0,0.0,0.0
P76082,0.0,0.0,0.0
P76083,0.0,0.0,0.0
P76084,0.0,0.0,0.0
P76085,0.0,0.0,0.0
P76108,0.0,0.0,0.0
P76112,0.0,0.0,0.0
P76113,0.0,0.0,0.0
P76129,0.0,0.0,0.0
P76142,0.0,0.0,0.0
P76143,0.141160521583835,0.14116052158380168,0.0479729884674496
P76145,0.0,0.0,0.0
P76149,0.0,0.0,0.0
P76173,0.0,0.0,0.0
P76190,0.0,0.0,0.0
P76193,0.0,0.0,0.0
P76194,0.0,0.0,0.0
P76215,0.0,0.0,0.0
P76216,0.0,0.0,0.0
P76217,0.0,0.0,0.0
P76234,0.0,0.0,0.0
P76245,0.0,0.0,0.0
P76251,1.0705582303475979e-09,1.9732807190445943e-09,6.706136539851688e-10
P76270,0.0,0.0,0.0
P76290,0.0,0.0,0.0
P76316,0.0,0.0,0.0
P76372,0.0,0.0,0.0
P76373,0.0,0.0,0.0
P76422,1.2633652326927287e-10,1.263365232692444e-10,4.293509619978993e-11
P76423,0.0,0.0,0.0
P76440,0.0,0.0,0.0
P76445,0.0,0.0,0.0
P76458,0.0,0.0,0.0
P76459,0.0,0.0,0.0
P76461,2.9068598257048974e-11,2.9068598257042415e-11,9.87887770110097e-12
P76469,0.0,0.0,0.0
P76472,0.0,0.0,0.0
P76473,0.0,0.0,0.0
P76491,0.0,0.0,0.0
P76503,1.0,1.0,1.0
P76514,0.0,0.0,0.0
P76518,0.0,0.0,0.0
P76535,0.0,0.0,0.0
P76536,1.5445844919782972e-06,1.544584491977949e-06,5.249225009180002e-07
P76558,0.0,0.0,0.0
P76577,0.0,0.0,0.0
P76641,0.0,0.0,0.0
P76658,0.0,0.0,0.0
P77044,0.0,0.0,0.0
P77150,0.0,0.0,0.0
P77156,0.0,0.0,0.0
P77161,0.0,0.0,0.0
P77172,0.0,0.0,0.0
P77202,0.0,0.0,0.0
P77215,0.0,0.0,0.0
P77218,0.0,0.0,0.0
P77231,0.0,0.0,0.0
P77243,0.0,0.0,0.0
P77247,0.0,0.0,0.0
P77252,0.0,0.0,0.0
P77256,0.0,0.0,0.0
P77257,0.0,0.0,0.0
P77272,0.0,0.0,0.0
P77302,0.0,0.0,0.0
P77319,0.0,0.0,0.0
P77334,0.0,0.0,0.0
P77357,0.0,0.0,0.0
P77364,0.0,0.0,0.0
P77366,0.0,0.0,0.0
P77374,0.0,0.0,0.0
P77397,0.0,0.0,0.0
P77398,0.0,0.0,0.0
P77399,1.0884135435313422,1.0884135435310966,0.36989414452279945
P77425,0.0,0.0,0.0
P77432,0.2709610896931922,0.27096108969312827,0.09208533012722764
P77433,0.0,0.0,0.0
P77434,0.0,0.0,0.0
P77444,0.0,0.0,0.0
P77454,0.0,0.0,0.0
P77455,0.0,0.0,0.0
P77467,0.0,0.0,0.0
P77475,0.0,0.0,0.0
P77488,0.29184601418313266,0.2918460141830662,0.09918301034587404
P77495,0.0,0.0,0.0
P77499,0.0,0.0,0.0
P77522,0.0,0.0,0.0
P77526,0.0,0.0,0.0
P77536,0.0,0.0,0.0
P77541,0.0,0.0,0.0
P77555,0.0,0.0,0.0
P77567,0.0,0.0,0.0
P77570,0.0,0.0,0.0
P77580,0.0,0.0,0.0
P77581,0.0,0.0,0.0
P77596,0.0,0.0,0.0
P77608,0.0,0.0,0.0
P77619,0.0,0.0,0.0
P77625,0.0,0.0,0.0
P77650,0.0,0.0,0.0
P77671,0.0,0.0,0.0
P77672,0.0,0.0,0.0
P77674,0.0,0.0,0.0
P77689,0.0,0.0,0.0
P77690,0.0,0.0,0.0
P77718,4.527063639742299e-09,4.527063639741281e-09,1.5385092754264572e-09
P77731,0.0,0.0,0.0
P77756,0.0,0.0,0.0
P77757,0.0,0.0,0.0
P77781,0.0,0.0,0.0
P77783,0.0,0.0,0.0
P77788,0.0,0.0,0.0
P77790,0.0,0.0,0.0
P77791,0.0,0.0,0.0
P77795,0.0,0.0,0.0
P78055,0.0,0.0,1.0
P78061,0.0,0.0,0.0
P80644,0.0,0.0,0.0
P80645,0.0,0.0,0.0
P80668,0.0,0.0,0.0
Q46799,0.0,0.0,0.0
Q46800,0.0,0.0,0.0
Q46801,0.0,0.0,0.0
Q46806,0.0,0.0,0.0
Q46810,0.0,0.0,0.0
Q46822,0.0,0.0,0.0
Q46829,0.0,0.0,0.0
Q46845,0.0,0.0,0.0
Q46851,0.0,0.0,0.0
Q46856,0.0,0.0,0.0
Q46857,0.0,0.0,0.0
Q46871,0.0,0.0,0.0
Q46877,0.0,0.0,0.0
Q46890,0.0,0.0,0.0
Q46893,0.051599840965771485,0.0515998409657597,0.01753605432878087
Q46915,0.0,0.0,0.0
Q46920,0.0,0.0,0.0
Q46925,0.0,0.0,0.0
Q46938,0.0,0.0,0.0
Q47140,0.0,0.0,0.0
Q47146,1.2482174196924297e-08,1.248217419692148e-08,4.242030222608047e-09
Q47537,0.0,0.0,0.0
Q47538,0.0,0.0,0.0
Q47539,0.0,0.0,0.0
Q47690,0.0,0.0,0.0
Q59385,0.0,0.0,0.0
Q6BEX0,0.0,0.0,0.0
Q6BF16,0.0,0.0,0.0
Q6BF17,0.0,0.0,0.0
Q93K97,0.0,0.0,0.0
