,ph6,ph6.1,ph6.2
O32583,3.40979689201083e-09,3.4097968920092754e-09,3.409796892009224e-09
P00350,0.19534201487146458,0.1953420148705058,0.19534201487047137
P00363,0.0,0.0,0.0
P00370,0.0017630939078588214,0.0017630939078580236,0.0017630939078579916
P00393,0.0,0.0,0.0
P00448,0.0006930593514485371,0.0006930593514472171,0.000693066535944763
P00452,0.0,0.0,0.0
P00490,0.0,0.0,0.0
P00509,0.0239194095262467,0.0,0.023919409526235454
P00547,2.212626058028549e-08,2.212626058027549e-08,2.212626058027506e-08
P00550,0.0,0.0,0.0
P00561,0.7311501878656912,0.6669168230198389,0.7311501878653466
P00562,0.0,1.0,0.0
P00634,0.0,0.0,0.0
P00722,0.0,0.0,0.0
P00805,0.0,0.0,0.0
P00816,0.0,0.0,0.0
P00861,0.967516061046176,0.9675160610457348,0.9675160610457202
P00864,0.05765469925010556,0.05765469925007938,0.057662986645912746
P00887,0.0,0.0,0.0
P00888,0.0,0.0,0.0
P00893,1.0,1.0,1.0
P00894,0.27815349378806964,0.27815349378806964,0.27815349378806964
P00895,0.01489971717980063,0.014899717179793836,0.014899717179793612
P00903,1.8321250563226173e-10,1.8321250563226173e-10,1.8321250563216965e-10
P00904,0.6598420847273885,0.6598420847270877,0.6598420847270776
P00909,0.4349917289988639,0.4349917289986656,0.434991728998659
P00926,0.0,0.0,0.0
P00934,1.012277514814774e-07,1.0122775148143166e-07,1.012277514814297e-07
P00935,0.03380010676640469,0.03380010676638928,0.033800106766388775
P00936,0.0,0.0,0.0
P00944,0.0,0.0,0.0
P00946,0.0,0.0,0.0
P00963,1.4743631693367786e-08,1.4743631693361063e-08,1.474363169336084e-08
P00968,0.0,0.0,0.0
P02916,0.0,0.0,0.0
P02918,9.442096266586643e-10,9.442096266582337e-10,9.442096266582195e-10
P02919,0.0,0.0,0.0
P02924,0.0,0.0,0.0
P02925,0.0,0.0,0.0
P03959,0.0,0.0,0.0
P03960,0.0,0.0,0.0
P03961,0.0,0.0,0.0
P04036,0.14687244510717215,0.1468724451071052,0.14687244510710298
P04079,1.0,1.0,1.0
P04391,0.006071529471325299,0.0060715294713225305,0.0060715294713224385
P04425,0.0,0.0,0.0
P04693,0.00902265568056015,0.10487300017335172,0.0090226556805559
P04805,0.02251284652214943,0.022512846522139165,0.022512846522138825
P04825,0.0,0.0,0.0
P04951,0.09602173644584722,0.09602173644580342,0.09602173644580198
P04968,8.603506580308522e-05,8.603506580304598e-05,8.603506580304468e-05
P04982,0.0,0.0,0.0
P04983,0.0,0.0,0.0
P05020,0.9402460452193275,0.9402460452188987,0.9402460452188847
P05041,0.9623588910060096,0.9623588910060096,0.962358891005526
P05042,0.0,0.0,0.0
P05194,0.03373983999459906,0.033739839994583715,0.033739839994583284
P05459,0.0058317080424893,0.0058317080424866415,0.005831708042486553
P05637,0.0,0.0,0.0
P05706,0.0,0.0,0.0
P05707,0.0,0.0,0.0
P05791,0.27382080731097214,0.2738208073108469,0.273820807310842
P05793,0.07637970413183925,0.0763797041318042,0.07637970413180264
P05804,0.0,0.0,0.0
P05847,0.0,0.0,0.0
P06149,0.0,0.0,0.0
P06282,0.0,0.0,0.0
P06609,0.0,0.0,0.0
P06610,0.0,0.0,0.0
P06611,0.0,0.0,0.0
P06715,0.013136261737706302,0.013136261737706302,0.013136261737706302
P06720,0.0,0.0,0.0
P06721,0.11574310223888652,0.11574310223883374,0.11574310223883198
P06959,0.8147219668404417,0.8147219668404417,0.8147219668404417
P06960,0.0,0.0,0.0
P06968,0.0,0.0,0.0
P06972,0.0,0.0,0.0
P06983,0.9213632756035354,0.9213632756031154,0.9213632756031015
P06986,0.000584486916895803,0.0005844869168955365,0.0005844869168955278
P06987,0.003742401362063711,0.0037424013620620043,0.0037424013620619475
P06988,0.9362145240211447,0.9362145240207179,0.9362145240207037
P06989,0.4124827226291461,0.41248272262895797,0.41248272262895175
P06999,0.8537835505422752,0.8537835505416842,1.0
P07000,0.0,0.0,0.0
P07001,0.0,0.0,0.0
P07003,0.0,0.0,0.0
P07004,0.0792341722844138,0.0792341722843777,0.07923417228437649
P07014,1.7239344043276333e-08,1.7239344043286666e-08,1.7239344043287007e-08
P07023,7.209492492966638e-05,7.20949249296335e-05,0.00011551230647738067
P07024,0.0,0.0,0.0
P07102,0.0,0.0,0.0
P07109,0.0,0.0,0.0
P07623,0.05964697747017642,0.05964697747014923,0.05964697747014833
P07639,0.0016257922792524391,0.001625792279251699,0.0016257922792516785
P07650,0.0,0.0,0.0
P07654,0.0,0.0,0.0
P07762,0.0,0.0,0.0
P07821,0.0,0.0,0.0
P07822,0.0,0.0,0.0
P07862,0.0,0.0,0.0
P07913,0.0,0.0,0.0
P08142,0.7344994442609933,0.7344994442604009,0.7344994442603772
P08178,2.0534731907136356e-08,2.053473190712748e-08,2.0534731907126866e-08
P08179,0.0,0.0,0.0
P08192,0.0067537439763677735,0.0067537439763677735,0.0067537439763643795
P08200,0.19987976235450608,0.19987976235461238,0.19987976235461585
P08201,0.0,0.0,0.0
P08202,0.0,0.0,0.0
P08203,0.0,0.0,0.0
P08204,0.0,0.0,0.0
P08244,0.17876488895805398,0.17876488895797243,0.17876488895796977
P08331,0.0,0.0,0.0
P08337,0.0,0.0,0.0
P08373,0.9639097417761773,0.9639097417757377,0.9639097417757231
P08506,0.0,0.0,0.0
P08660,0.46367214375242427,0.4636721437522144,0.4636721437522058
P08722,0.0,0.0,0.0
P08839,0.5966278355537008,0.5966278355538817,0.5966096533850934
P08997,7.453214539725006e-05,7.453214539725006e-05,0.0
P09029,1.3926247929760358e-08,1.392624792975434e-08,1.3926247929753923e-08
P09053,5.619065656409776e-09,5.619065656407213e-09,5.619065656407129e-09
P09099,0.0,0.0,0.0
P09126,0.003245187591104534,0.003245187591103054,0.003245187591103005
P09147,0.0,0.0,0.0
P09148,0.0,0.0,0.0
P09151,0.5550059290500212,0.5550059290497682,0.5550059290497598
P09152,0.0,0.0,0.0
P09158,0.0,0.0,0.0
P09323,0.0,0.0,0.0
P09373,0.0,0.0,0.0
P09394,0.0,0.0,0.0
P09424,0.0,0.0,0.0
P09546,0.0,0.0,0.0
P09551,0.0,0.0,0.0
P09831,0.0,0.0,0.0
P09832,0.0,0.0,0.0
P09833,0.00027629571168693776,0.0002762957116868118,0.0002762957116868077
P0A6A3,0.0,0.0,0.0
P0A6A6,0.0003304642969635435,0.0003304642969633928,0.0003304642969633878
P0A6A8,0.17946506426785697,0.17946506426777514,0.17946506426777242
P0A6B4,0.0,0.0,0.0
P0A6B7,0.19737995883633414,0.19737995883624437,0.19737995883624138
P0A6C5,6.958234485726064e-08,6.958234485722892e-08,6.958234485722786e-08
P0A6C8,0.05346524039220666,0.053465240392182284,0.053465240392181465
P0A6D3,0.052381008172285366,0.05238100817226153,0.052381008172260865
P0A6D5,0.0,0.0,0.0
P0A6D7,0.0,0.2234881957026612,0.22348819570265832
P0A6E1,0.7816727932234034,0.0,0.0
P0A6E4,7.898341055836868e-08,7.898341055833265e-08,7.898341055833146e-08
P0A6E6,6.496559438978176e-07,6.496559438972573e-07,6.496620393149761e-07
P0A6F1,0.0,0.0,0.0
P0A6F3,0.0,0.0,0.0
P0A6G3,0.0,0.0,0.0
P0A6G5,0.0,0.0,0.0
P0A6H8,0.0,0.0,0.0
P0A6I0,0.06174219670818862,0.06174219670815993,0.06174219670816118
P0A6I3,0.13240224613671783,0.13240224613637938,0.1324022461357851
P0A6I6,0.061693235349613164,0.06169323534945547,0.06169323534917856
P0A6I9,2.5711182968182953e-09,2.5711182968117237e-09,2.571118296800183e-09
P0A6J1,0.035443573817295,0.03544357381727863,0.035443573817277675
P0A6J5,0.0,0.0,0.0
P0A6J8,0.2597255826619601,0.25972558266184165,0.25972558266183776
P0A6K1,5.317458699574527e-10,5.317458699572102e-10,5.317458699572021e-10
P0A6K6,0.08311165572078183,0.08311165572073655,0.08311165572073523
P0A6L0,0.0,0.0,0.0
P0A6L2,0.01922035330025404,0.019220353300245276,0.019220353300244988
P0A6L4,0.0,0.0,0.0
P0A6L7,0.0,0.0,0.0
P0A6P9,0.051720182271595715,0.05172018227160355,0.051720182271603785
P0A6Q3,0.0,0.0,0.0
P0A6Q6,1.3128329448978492e-08,1.3128329448972506e-08,1.3128329448972308e-08
P0A6R0,5.112102961392832e-06,5.112102961390501e-06,5.1121029613904235e-06
P0A6S7,0.22644165089463092,0.2264416508945277,0.22644165089452425
P0A6T1,0.02752942805841257,0.027529428058431456,0.027529428058432136
P0A6T3,0.0,0.0,0.0
P0A6T5,0.6159730218668363,0.6159730218668363,0.6159730218665269
P0A6T9,0.0,0.0,0.0
P0A6U8,0.0,0.0,0.0
P0A6V1,0.0,0.0,0.0
P0A6V5,0.0,0.0,0.0
P0A6V8,0.0,0.0,0.0
P0A6W0,0.0,0.0,0.0
P0A6W3,9.566179802282843e-10,9.566179802278482e-10,9.566179802278337e-10
P0A6W9,0.0,0.0,0.0
P0A6X1,4.364681433775606e-09,4.3646814337736156e-09,4.364681433773549e-09
P0A715,0.004352184377147003,0.004352184377145019,0.0043521843771449535
P0A717,1.0,1.0,1.0
P0A720,0.2729024941473767,0.27290249414725226,0.27290249414724815
P0A722,0.1982853638703836,0.19828536387029316,0.1982853638702902
P0A725,2.1635993990933704e-09,2.1635993990923836e-09,2.163599399092351e-09
P0A731,0.0,0.0,0.0
P0A738,0.0,0.0,0.0
P0A744,0.0,0.0,0.0
P0A746,0.0,0.0,0.0
P0A749,0.49610926804777916,0.4961092680475529,0.49610926804754546
P0A752,0.2073208075778795,0.20732080757750473,0.20732080757800186
P0A754,0.0,0.0,0.0
P0A759,0.0,0.0,0.0
P0A761,0.0,0.0,0.0
P0A763,0.0,0.0,0.0
P0A786,0.002629917405660391,0.0026299174056591914,0.0026299174056591524
P0A790,0.06180704467369165,0.061807044673533665,0.061807044673256234
P0A794,0.0019350289501313864,0.0019350289501305043,0.001935028950130475
P0A796,1.0,1.0,0.6724478464924277
P0A799,0.00859328417469193,0.008593284174693232,0.008593284174693272
P0A7A7,2.557813266438523e-09,2.557813266437357e-09,2.557813266437318e-09
P0A7A9,0.012854774252418618,0.012854774252404921,0.012854774252404635
P0A7B1,0.0,0.0,0.0
P0A7B3,0.014046688687031137,0.014046688686943991,0.01404668868707339
P0A7B5,0.7594029548221042,0.7594029548217579,0.7594029548217464
P0A7D4,0.4998647874053601,0.4998647874051498,0.4998647874051316
P0A7D7,0.014920816579593984,0.014920816579587536,0.014920816579587085
P0A7E1,0.11989697030227081,0.11989697030221613,0.11989697030221434
P0A7E3,1.8967882683094723e-08,1.896788268308607e-08,1.896788268308579e-08
P0A7E5,0.5831990913105763,0.5831990913103103,0.5831990913103018
P0A7E9,0.03257884896831917,0.032578848968304305,0.03257884896830383
P0A7F3,0.0,0.0,0.0
P0A7F6,0.0,0.0,0.0
P0A7I7,0.2663920999970192,0.2663920999968079,0.26639209999675567
P0A7J0,0.6266264213222474,0.6266264213217504,0.6266264213216276
P0A7Z0,0.000338796795388482,0.00033879679538763996,0.00033879679538761036
P0A817,0.0009209036167495494,0.0009209036167491329,0.0009209036167526734
P0A825,0.1775126063700885,0.17751260637000715,0.17751260637000357
P0A836,0.48453063949820513,0.4845306394985133,0.4845306394985233
P0A840,1.0,1.0,1.0
P0A853,0.07855474873328809,0.07855474873325229,0.07855474873325109
P0A858,0.04367967552331102,0.04367967552332236,0.043679675523322734
P0A867,0.29785800885362945,0.0,0.0
P0A870,0.0,0.08386749909249276,0.08386752711028707
P0A877,0.0009198207995142503,0.0009198207995138309,0.0009198207995138169
P0A879,0.0007693021530157682,0.0007693021530154174,0.0007693021530154058
P0A884,0.06778998070976715,0.06778998070973623,0.06778998070973521
P0A887,0.0,0.0,0.0
P0A8F0,0.0,0.0,0.0
P0A8F4,0.0,0.0,0.0
P0A8G3,0.0,0.0,0.0
P0A8G6,0.0,0.0,0.0
P0A8K1,0.010497244878189895,0.010497244878185107,0.010497244878184948
P0A8N5,0.0,0.0,0.0
P0A8Q0,0.0,0.0,0.0
P0A8Q3,0.0,0.0,0.0
P0A8Y1,0.0,0.0,0.0
P0A8Y3,0.0,0.0,0.0
P0A8Y5,0.0,0.0,0.0
P0A8Y8,0.0,0.0,0.0
P0A921,0.0,0.0,0.0
P0A924,0.0,0.0,0.0
P0A935,0.0,0.0,0.0
P0A951,0.0,0.0,0.0
P0A953,1.785005737114136e-07,1.7850057371133219e-07,1.7850057371132954e-07
P0A955,0.0,0.0,0.0
P0A959,0.0,0.0,0.0
P0A962,0.0,0.0,0.0
P0A991,1.0,1.0,1.0
P0A993,0.0,0.0,0.0
P0A996,0.0,0.0,0.0
P0A9B2,0.3450228815588668,0.3450228815589191,0.34502288155892064
P0A9B6,0.0008275489331804885,0.0008275489331801111,0.0008275489331800987
P0A9C0,0.0,0.0,0.0
P0A9C3,0.0,0.0,0.0
P0A9C5,1.0254686704100622e-07,1.0254686704093256e-07,1.0254686704092913e-07
P0A9C9,0.0,0.0,0.0
P0A9D4,0.07588333490467535,0.0758833349046403,0.07588333490463824
P0A9D8,0.02538469966420835,0.02538469966419678,0.025384699664196396
P0A9G6,0.0,0.0,0.0
P0A9H3,0.0,0.0,0.0
P0A9H5,0.0,0.0,0.0
P0A9H7,0.0,0.0,0.0
P0A9I1,0.0,0.0,0.0
P0A9I8,0.0,0.0,0.0
P0A9J4,0.0,0.0,0.0
P0A9J6,0.0,0.0,0.0
P0A9J8,0.00011996231742576577,0.00011996231742571108,8.279134535426002e-05
P0A9L8,0.003333895991408047,0.0033338959914065275,0.003333895991406477
P0A9M2,0.0,0.0,0.0
P0A9M5,0.0,0.0,0.0
P0A9M8,0.0,0.0,0.0
P0A9N4,0.0,1.0,0.0
P0A9N8,0.0,0.0,0.0
P0A9P0,0.8652515855563976,0.8652515855564494,0.8652515855564511
P0A9P4,1.0000000000014317,1.0000000000000044,0.9999999999999206
P0A9P9,0.0,0.0,0.0
P0A9Q5,0.09656679852986398,0.09656679852981995,0.09656679852981849
P0A9Q7,0.37098705509262686,0.37098705509245744,0.0
P0A9Q9,0.029562730252957886,0.029562730252944504,0.029562730252943953
P0A9S1,0.0,0.0,0.0
P0A9S3,0.0,0.0,0.0
P0A9S5,0.0,0.0,0.0
P0A9T0,8.107045631083578e-05,8.107045631083578e-05,8.107045631083578e-05
P0A9U8,2.611962294625703e-10,2.611962294624512e-10,2.611962294624472e-10
P0A9V1,0.0019471454041835453,0.0019471454041826573,0.0019471454041826279
P0A9V8,0.0,0.0,0.0
P0A9X1,0.0,0.0,0.0
P0AA04,0.13623879713186154,0.13623879713190284,0.13623464526928875
P0AA25,0.4496278898241147,0.44962788982345575,0.46178321313826143
P0AA84,0.0,0.0,0.0
P0AA89,0.0,0.0,0.0
P0AAB4,6.56298469795581e-05,6.562984697952817e-05,6.562984697952718e-05
P0AAF3,0.0,0.0,0.0
P0AAF6,0.0,0.0,0.0
P0AAG3,0.0,0.0,0.0
P0AAG8,0.0,0.0,0.0
P0AAH0,0.0,0.0,0.0
P0AAI1,0.0,0.0,0.0
P0AAI5,0.0,0.0,0.0
P0AAI9,0.0006794529700035206,0.0006794529700032108,0.0006794529700032006
P0AAJ1,0.0,0.0,0.0
P0AAJ3,3.6361553176159937e-09,0.0,2.8465990568473326e-09
P0AAJ5,0.0,4.4341577991210395,1.0
P0AAJ8,0.0,0.0,0.0
P0AAK1,0.0,0.0,0.0
P0AAK7,0.0,0.0,0.0
P0AAL3,0.0,0.0,0.0
P0AAM1,0.0,0.0,0.0
P0AAN3,0.0,0.0,0.0
P0AAX8,0.0,0.0,0.0
P0AB65,0.0,0.0,0.0
P0AB67,0.0,0.0,0.0
P0AB71,1.0,1.0,1.0
P0AB74,0.0,0.0,0.0
P0AB77,1.0,1.0,1.0
P0AB80,0.08555406218571045,0.08555406218567144,0.08555406218567013
P0AB87,0.0,0.0,0.0
P0AB89,0.29724163267421533,0.29724163267408826,0.29724163267407855
P0AB91,0.010322538677871189,0.01032253867786649,0.010322538677866358
P0AB96,0.0,0.0,0.0
P0AB98,6.496559438978176e-07,6.496559438972573e-07,6.496620393149761e-07
P0ABA0,6.496559438978176e-07,6.496559438972573e-07,6.496620393149761e-07
P0ABA4,6.496559438978176e-07,6.496559438972573e-07,6.496620393149761e-07
P0ABA6,6.496559438978176e-07,6.496559438972573e-07,6.496620393149761e-07
P0ABB0,6.496559438978176e-07,6.496559438972573e-07,6.496620393149761e-07
P0ABB4,6.496559438978176e-07,6.496559438972573e-07,6.496620393149761e-07
P0ABB8,0.0,0.0,0.0
P0ABC0,0.0,0.0,0.0
P0ABD3,0.0,0.0,0.0
P0ABD5,0.030503211742945766,0.030503211742931857,0.030503211742931396
P0ABD8,0.02867302898637787,0.028673028986364795,0.028673028986364365
P0ABE9,2.1919368069137057e-14,2.1919368069127512e-14,2.19193680691269e-14
P0ABF6,0.0,0.0,0.0
P0ABF8,0.0,0.0,0.0
P0ABG1,2.859861515516374e-09,2.85986151551507e-09,2.859861515515026e-09
P0ABG4,3.6420169726570547e-11,3.642016972655393e-11,3.6420169726553376e-11
P0ABH7,0.7074060181724211,0.7074060181727974,0.7074060181728096
P0ABI8,1.1667323756403611e-08,1.1667323756403611e-08,1.1667323756403611e-08
P0ABJ1,1.0,1.0,1.0
P0ABJ3,1.1667323756403611e-08,1.1667323756403611e-08,1.1667323756403611e-08
P0ABJ6,1.1667323756403611e-08,1.1667323756403611e-08,1.1667323756403611e-08
P0ABJ9,0.10551115080218186,0.10551115080218186,0.10551115080218186
P0ABK2,1.0,1.0,1.0
P0ABK5,0.0,0.0024885731527442383,0.0
P0ABK9,0.0,0.0,0.0
P0ABL1,0.0,0.0,0.0
P0ABL3,0.0,0.0,0.0
P0ABL5,0.0,0.0,0.0
P0ABL8,0.0,0.0,0.0
P0ABM1,0.0,0.0,0.0
P0ABM5,0.0,0.0,0.0
P0ABN1,0.0,0.0,0.0
P0ABP8,6.560394648666461e-05,6.560394648663469e-05,6.560394648697277e-05
P0ABQ0,0.14905348550908074,0.14905348550869973,0.1490534855080307
P0ABQ2,0.0,0.0,0.0
P0ABQ4,0.0,0.0,0.0
P0ABR5,0.0,0.0,0.0
P0ABR9,0.0,0.0,0.0
P0ABU0,0.0,0.0,0.0
P0ABW0,0.0,0.0,0.0
P0ABY4,0.0,0.0032929374922267126,0.09508691867426959
P0ABZ4,0.216310148670999,0.2163101486709003,0.21631014867089707
P0AC00,0.0,0.0,0.0
P0AC13,0.9461349878351901,0.9461349878351901,0.9461349878347147
P0AC16,1.3792531207430282e-09,1.3792531207430282e-09,1.379253120742335e-09
P0AC19,0.0,0.0,0.0
P0AC28,0.0,0.0,0.0
P0AC33,0.0,0.0,0.0
P0AC35,0.0,0.0,0.0
P0AC38,0.0,0.0,0.0
P0AC41,1.7239344043276333e-08,1.7239344043286666e-08,1.7239344043287007e-08
P0AC44,1.7239344043276333e-08,1.7239344043286666e-08,1.7239344043287007e-08
P0AC47,0.0,0.0,0.0
P0AC53,0.011954921048528236,0.011954921048469557,0.01195492104846745
P0AC59,1.0,1.0,1.0
P0AC62,1.0,1.0,1.0
P0AC69,1.0,1.0,1.0
P0AC75,4.885994770105836e-10,4.885994770103608e-10,4.885994770103535e-10
P0AC78,0.0,0.0,0.0
P0AC81,0.0,0.0,0.0
P0AC84,0.0,0.0,0.0
P0AC86,0.0,0.0,0.0
P0AC88,0.0,0.0,0.0
P0ACB2,0.026919928087451417,0.026919928087439142,0.02691992808743874
P0ACB4,0.16176130584768791,0.16176130584761417,0.16176130584761172
P0ACC7,0.03251598931333652,0.03251598931332169,0.0325159893133212
P0ACD4,0.2339362284095903,0.23393622840948394,0.2339362284094804
P0ACD8,0.0,0.0,0.0
P0ACE0,0.0,0.0,0.0
P0ACE7,0.0,0.0,0.0
P0ACV0,0.0,0.0,0.0
P0ACV2,0.0,0.0,0.0
P0AD57,0.08750854376728673,0.08750854376724682,0.0875085437672455
P0AD61,0.0,0.0,0.0
P0AD65,9.442096266586643e-10,9.442096266582337e-10,9.442096266582195e-10
P0AD68,9.442096266586643e-10,9.442096266582337e-10,9.442096266582195e-10
P0AD70,0.0,0.0,0.0
P0ADA1,0.0,0.0,0.0
P0ADC1,0.006234302623276254,0.006234302623273411,0.006234302623273317
P0ADC6,0.0425909189779402,0.04259091897792078,0.04259091897792014
P0ADF6,0.0,0.0,0.0
P0ADF8,0.4382250072673929,0.43822500726703945,0.4382250072670253
P0ADG4,0.0,0.0,0.0
P0ADG7,0.2376658940310478,0.23766589403093957,0.23766589403093563
P0ADI4,0.0,0.0,0.0
P0ADP0,0.0,0.0,0.0
P0ADU2,0.048769422293063934,0.04876942229297105,0.04876992785399413
P0ADV1,0.0017376467852460494,0.0017376467852452569,0.0017376467852452308
P0ADV9,0.03346865932634221,0.03346865932632694,0.03346865932632644
P0AE08,0.0,0.0,0.0
P0AE12,0.0,0.0,0.0
P0AE22,0.0,0.0,0.0
P0AE26,0.0,0.0,0.0
P0AE30,0.0,0.0,0.0
P0AE34,0.0,0.0,0.0
P0AE37,0.0,0.0,0.0
P0AE52,0.0,0.0,0.0
P0AE76,0.0,0.0,0.0
P0AEA5,0.0,0.0,0.0
P0AEA8,0.0063559207618029585,0.00635592076180006,0.006355920761799965
P0AEB0,0.0,0.0,0.0
P0AEB2,0.0,0.0,0.0
P0AED7,0.8009350109811527,0.8009350109807876,0.8009350109807755
P0AEE5,0.0,0.0,0.0
P0AEG6,0.0,0.0,0.0
P0AEI6,0.0,0.0,0.0
P0AEJ2,0.0,0.0,0.0
P0AEJ6,0.0,0.0,0.0
P0AEK2,2.420425516816747e-08,2.420425516815643e-08,2.4204255168156066e-08
P0AEK4,2.7760233278505115e-06,2.7760233278492456e-06,2.7760233278492037e-06
P0AEK7,3.6361553176159937e-09,0.0,2.8465990568473326e-09
P0AEL0,0.0,0.0,0.0
P0AEL6,0.0,0.0,0.0
P0AEM9,0.0,0.0,0.0
P0AEN1,1.0,1.0,1.0
P0AEP3,0.0,0.0,0.0
P0AEP7,0.0,0.0,0.0
P0AEP9,0.1312665323049685,0.1312665323049685,0.0009047715959629684
P0AEQ3,0.0,0.0,0.0
P0AEQ6,0.0,0.0,0.0
P0AER3,0.0,0.0,0.0
P0AER5,0.0,0.0,0.0
P0AES0,0.0,0.0,0.0
P0AES2,0.0,0.0,0.0
P0AET8,0.0,0.0,0.0
P0AEU0,0.0,0.0,0.0
P0AEU3,0.0,0.0,0.0
P0AEW4,0.0,0.0,0.0
P0AEW6,0.0,0.0,0.0
P0AEW9,0.0,0.0,0.0
P0AEX9,0.0,0.0,0.0
P0AEY3,0.0,0.0,0.0
P0AEZ1,0.020939382432924796,0.020939382432915248,0.0209393824329154
P0AEZ7,0.0,0.0,0.0
P0AF01,4.5067280985002974e-15,4.5067280984982425e-15,4.5067280984981754e-15
P0AF03,0.0,0.0,0.0
P0AF12,0.0020359647297028007,0.002035964729701872,0.0020359647297137585
P0AF16,3.6420169726570547e-11,3.642016972655393e-11,3.6420169726553376e-11
P0AF18,0.0,0.0,0.0
P0AF24,0.0,0.0,0.0
P0AF26,0.0,0.0,0.0
P0AF32,0.0,0.0,0.0
P0AF98,0.03414243035013449,0.03414243035011892,0.03414243035011841
P0AFA9,0.0,0.0,0.0
P0AFC0,1.0582036855375527e-11,1.0582036855375527e-11,1.058203685537021e-11
P0AFC3,8.616044798202935e-09,8.616044798205677e-09,8.615963524506368e-09
P0AFC7,8.616044798202935e-09,8.616044798205677e-09,8.615963524506368e-09
P0AFD1,8.616044798202935e-09,8.616044798205677e-09,8.615963524506368e-09
P0AFD4,8.616044798202935e-09,8.616044798205677e-09,8.615963524506368e-09
P0AFD6,8.616044798202935e-09,8.616044798205677e-09,8.615963524506368e-09
P0AFE0,8.616044798202935e-09,8.616044798205677e-09,8.615963524506368e-09
P0AFE4,8.616044798202935e-09,8.616044798205677e-09,8.615963524506368e-09
P0AFE8,8.616044798202935e-09,8.616044798205677e-09,8.615963524506368e-09
P0AFF0,8.616044798202935e-09,8.616044798205677e-09,8.615963524506368e-09
P0AFG3,0.42610276506259587,0.42610276506285133,0.4261027650628596
P0AFG6,0.19578129752874773,0.1957812975288651,0.19578129752886891
P0AFG8,1.0,1.0,1.0
P0AFI0,0.0,0.0,0.0
P0AFI5,0.0,0.0,0.0
P0AFI7,0.0,0.0,0.0
P0AFK4,0.0,0.0,0.0
P0AFK6,0.0,0.0,0.0
P0AFK9,0.0,0.0,0.0
P0AFL1,0.0,0.0,0.0
P0AFL6,0.0,0.0,0.0
P0AFM2,0.0,0.0,0.0
P0AFP4,0.0,0.0,0.0
P0AFQ5,0.0,0.0,0.0
P0AFR9,0.0,0.0,0.0
P0AFS1,0.0,0.0,0.0
P0AFS3,0.8923337049875955,0.8923337049871986,0.8923337049871743
P0AFS9,0.0,0.0,0.0
P0AFT2,0.0,0.0,0.0
P0AFU8,0.12366635608003451,0.12366635607993641,0.12366635607991219
P0AFV4,0.0,0.0,0.0
P0AG00,0.0,0.0,0.0
P0AG07,9.731687796539856e-11,9.731687796419127e-11,9.731687796414749e-11
P0AG16,0.6473551966339363,0.6473551966336565,0.6473551966336369
P0AG18,0.27480561378925095,0.27480561378913215,0.27480561378912394
P0AG20,0.0,0.0,0.0
P0AG24,0.0,0.0,0.0
P0AG40,0.015164366057826915,0.015164366057809773,0.015164366057804059
P0AG78,0.0,0.0,0.0
P0AG80,0.0,0.0,0.0
P0AG82,0.0,0.0,0.0
P0AG84,0.0,0.0,0.0
P0AGB0,1.0,1.0,1.0
P0AGC3,0.0,0.0,0.0
P0AGC5,0.0,0.0,0.0
P0AGD1,0.0,0.0,0.0
P0AGD3,0.0,0.0,0.0
P0AGE6,0.0,0.0,0.0
P0AGE9,0.3770560862978122,0.377056086298052,0.3770560862980598
P0AGF6,0.0,0.0,0.0
P0AGG0,6.494935396688333e-10,6.494935396685372e-10,6.494935396685275e-10
P0AGG2,0.3783740186285615,0.3783740186283889,0.37837401862838316
P0AGG4,1.0,1.0,0.0
P0AGH8,0.0,0.0,0.0
P0AGI1,0.0,0.0,0.0
P0AGI4,0.0,0.0,0.0
P0AGK1,2.0459075960401947e-08,2.045907596039262e-08,2.0459075960392312e-08
P0C066,0.0,0.0,0.0
P0C0T5,0.0,0.0,0.0
P0C7L2,0.0,0.0,0.0
P0C8J6,0.0,0.0,0.0
P0C8J8,0.0,0.0,0.0
P0C8K0,0.0,0.0,0.0
P0C960,0.0,0.0,0.0
P0CI31,0.0,0.0,0.0
P0DP69,0.0,0.0,0.0
P10346,0.0,0.0,0.0
P10371,0.244055988352465,0.24405598835235373,0.2440559883523501
P10378,0.0,0.0,0.0
P10441,0.02426640399263171,0.02426640399262064,0.02426640399262028
P10902,0.3639109190691522,0.3639109190684944,0.36391091906936696
P10905,0.0,0.0,0.0
P10906,0.0,0.0,0.0
P10907,0.0,0.0,0.0
P10908,0.0,0.0,0.0
P11349,0.0,0.0,0.0
P11350,0.0,0.0,0.0
P11446,3.674260428334956e-08,3.674260428333281e-08,3.674260428333225e-08
P11447,0.0014688691863317853,0.0014688691863311155,0.0014688691863310932
P11454,0.0,0.0,0.0
P11458,0.2732731811779964,0.2732731811775025,0.27327318117815774
P11553,0.0,0.0,0.0
P11868,0.0,0.0,0.0
P11880,0.039738639193739864,0.03973863919372174,0.039738639193721136
P11988,0.0,0.0,0.0
P12008,0.3762910209310249,0.37629102093085365,0.3762910209308488
P12281,0.0,0.0,0.0
P12282,0.0,0.0,0.0
P12758,0.0,0.0,0.0
P12995,0.000521639973937609,0.000521639973937371,0.0005216399739373632
P12996,0.00010054029184053923,0.00010054029184049338,0.00010054029184049185
P12998,0.015706358420139233,0.01570635842013207,0.015706358420131836
P12999,2.1213121374961316e-15,2.121312137495164e-15,2.121312137495132e-15
P13000,0.1317361818773913,0.13173618187733122,0.13173618187732922
P13001,7.943028018902381e-05,7.943028018898759e-05,7.94302801889864e-05
P13009,1.0,1.0,1.0
P13016,0.0,0.0,0.0
P13029,0.02782219366129978,0.027822193661246785,0.0
P13033,0.0,0.0,0.0
P13035,0.0,0.0,0.0
P13482,0.0,0.0,0.0
P14081,0.0,0.0,0.0
P14175,0.0,0.0,0.0
P14176,0.0,0.0,0.0
P14407,2.66995623227983e-09,2.6699562322812584e-09,2.669956232281303e-09
P14900,3.0640923984862134e-09,3.0640923984848163e-09,3.06409239848477e-09
P15028,0.0,0.0,0.0
P15029,0.0,0.0,0.0
P15030,0.0,0.0,0.0
P15031,0.0,0.0,0.0
P15042,0.0,0.0,0.0
P15047,0.0,0.0,0.0
P15067,0.0,0.0,0.0
P15254,1.6441280420719253e-06,1.6441280420712146e-06,1.6441280420711655e-06
P15288,0.0,0.0,0.0
P15639,2.315090916456017e-08,2.3150909164550067e-08,2.3150909164549435e-08
P15640,0.430700898656717,0.4307008986565309,0.43070089865651795
P15723,0.0,0.0,0.0
P15770,0.16317989917220307,0.16317989917212883,0.16317989917212675
P15877,0.0,0.0,0.0
P15977,0.0,0.0,0.0
P16095,0.0,0.0,0.0
P16429,0.0,0.0,0.0
P16430,0.0,0.0,0.0
P16431,0.0,0.0,0.0
P16432,0.0,0.0,0.0
P16433,0.0,0.0,0.0
P16456,0.0,0.0,0.0
P16676,0.0,0.0,0.0
P16677,0.0,0.0,0.0
P16679,0.0,0.0,0.0
P16682,0.0,0.0,0.0
P16685,0.0,0.0,0.0
P16686,0.0,0.0,0.0
P16687,0.0,0.0,0.0
P16688,0.0,0.0,0.0
P16689,0.0,0.0,0.0
P16690,4.326118940444874e-08,4.326118940442517e-08,4.3261189404424295e-08
P16691,0.0,0.0,0.0
P16692,0.0,0.0,0.0
P16700,0.0,0.0,0.0
P16701,0.0,0.0,0.0
P16703,0.22548501719237704,0.0,0.2254850171922668
P17109,0.0,0.0,0.0
P17115,0.11048755996221615,0.0,0.0
P17169,0.06993863786211078,0.06993863786207889,0.06993863786207785
P17334,0.0,0.0,0.0
P17411,0.0,0.0,0.0
P17443,0.6597060952653709,0.65970609526507,0.6597060952650601
P17444,0.0,0.0,0.0
P17445,0.0,0.0,0.0
P17846,0.14114333442785096,0.14114333442778626,0.14114333442778368
P17854,1.3555259834333244e-07,1.3555259834326984e-07,1.3555259834326616e-07
P17952,5.098805406167258e-09,5.098805406164932e-09,5.098805406164855e-09
P17993,0.0,0.0,0.0
P18133,0.0,0.0,0.0
P18200,0.0,0.0,0.0
P18335,0.0,0.0,0.0
P18775,0.0,0.0,0.0
P18776,0.0,0.0,0.0
P18777,0.0,0.0,0.0
P18843,0.004503688163411378,0.004503688163403237,0.004503688163414036
P18956,0.0,0.0,0.0
P19317,0.0,0.0,0.0
P19318,0.0,0.0,0.0
P19319,0.0,0.0,0.0
P19624,0.026073095337499384,0.026073095337487497,0.026073095337487102
P19636,0.0,0.0,0.0
P19642,1.3461638339271263e-09,1.2995e-08,1.2995e-08
P19925,0.0,0.0,0.0
P19926,0.0,0.0,0.0
P20099,0.0,0.0,0.0
P20966,0.0,0.0,0.0
P21151,1.0,1.0,1.0
P21156,0.35689421636240437,0.3568942163622395,0.35689421636222984
P21169,0.0,0.0,0.0
P21170,0.0,0.0,0.0
P21177,0.5853424035238385,0.5853424035235716,0.5853424035235626
P21179,0.0,0.0,0.022618378468554225
P21369,0.0,0.0,0.0
P21437,0.0,0.0,0.0
P21514,0.0,0.0,0.0
P21515,0.0,0.0,0.0
P21517,0.0,0.0,0.0
P21599,0.0,0.0,0.0
P21645,0.5357127623073625,0.5357127623071182,0.5357127623071103
P21829,0.0,0.0,0.0
P22106,0.0,0.0,0.0
P22188,3.922214483367484e-09,3.922214483365695e-09,3.922214483365636e-09
P22255,0.4182452243832509,0.41824522438305783,0.41824522438304645
P22256,0.0,0.0,0.0
P22259,0.0,0.0,0.0
P22333,0.0,0.0,0.0
P22525,0.0,0.0,0.0
P22564,0.0,0.0,0.0
P22634,0.8892022346325638,0.8892022346321583,0.8892022346321449
P22939,2.0820145560179412e-10,2.0820145560169972e-10,2.082014556016958e-10
P23200,0.0,0.0,0.0
P23256,0.0,0.0,0.0
P23331,0.0,0.0,0.0
P23522,0.0,0.0,0.0
P23524,0.0,0.0,0.0
P23538,0.0,0.0,0.0
P23721,0.00042599437246452836,0.0004259943724644605,0.0004259943724644582
P23830,0.06596441219744997,0.06596441219741989,0.06596441219741889
P23845,0.2770687874371147,0.2770687874369867,0.2770687874369792
P23857,0.0,0.0,0.0
P23871,0.0,0.0,0.0
P23876,0.0,0.0,0.0
P23877,0.0,0.0,0.0
P23878,0.0,0.0,0.0
P23883,0.0,0.0,0.0
P23893,0.04516071039142375,0.04516071039140316,0.04516071039140248
P23908,0.001188920162282442,0.0011889201622819,0.001188920162281882
P23917,0.0,0.0,0.0
P23930,0.0,0.0,0.0
P24169,0.0,0.0,0.0
P24173,0.0,0.0,0.0
P24174,0.0,0.0,0.0
P24175,0.0,0.0,0.0
P24182,0.056066155169758575,0.056066155169733005,0.05606615516973216
P24183,3.6361553176159937e-09,0.0,2.8465990568473326e-09
P24186,0.5039717201009012,0.5039717201006695,0.5039717201006602
P24203,0.0,0.0,0.0
P24205,0.0,0.0,0.0
P24215,0.0,0.0,0.0
P24224,0.0,0.0,0.0
P24228,0.0,0.0,0.0
P24232,0.0,0.0,0.0
P24240,0.0,0.0,0.0
P24241,0.0,0.0,0.0
P25397,0.0,0.0,0.0
P25437,0.0,0.0,0.0
P25516,1.1720495693984222e-06,1.1484159375811336e-06,1.1720495693990657e-06
P25519,0.0,0.0,0.0
P25524,0.0,0.0,0.0
P25526,0.0,0.0,0.0
P25534,0.0,0.0,0.0
P25535,0.005910698509995654,0.005910698509992959,0.00591069850999287
P25536,0.0,0.0,0.0
P25539,0.002402624970584888,0.002402624970582982,0.002402624970582511
P25552,0.0,0.0,0.0
P25553,1.7026694651001166e-05,1.7026694651001166e-05,1.702669465099261e-05
P25665,0.22294645362218948,0.2229464536219769,0.22294645362198037
P25718,0.0,0.0,0.0
P25740,0.0,0.0,0.0
P25741,0.0,0.0,0.0
P25742,0.0,0.0,0.0
P25889,0.0,0.0,0.0
P26281,2.3381590663071874e-11,2.3381590663071874e-11,2.3381590663060122e-11
P26365,0.0,0.0,0.0
P26458,4.4768395641445924e-10,4.4768395641445924e-10,4.4768395641445924e-10
P26459,1.0,1.0,1.0
P26602,0.04010193715322253,0.04010193715320424,0.040101937153203635
P26612,0.0,0.0,0.0
P26616,0.0,0.0,0.0
P26646,0.0,0.0,0.0
P26647,0.04851100324391238,0.048511003243890266,0.04851100324388952
P27126,0.0,0.0,0.0
P27127,0.0,0.0,0.0
P27128,0.0,0.0,0.0
P27129,0.0,0.0,0.0
P27240,0.0,0.0,0.0
P27241,0.0,0.0,0.0
P27242,0.0,0.0,0.0
P27243,0.0,0.0,0.0
P27247,0.0,0.0,0.0
P27248,0.0,0.0,0.0
P27250,0.0,0.0,0.0
P27253,0.0,0.0,0.0
P27254,0.0,0.0,0.0
P27278,0.0,0.0,0.0
P27300,1.4874665545058906e-09,1.4874665545052123e-09,1.48746655450519e-09
P27302,0.0033284531440516333,0.038353823730300225,0.038353823730282975
P27306,0.0,0.0,0.0
P27550,0.0,0.0,0.0
P27828,0.0,0.0,0.0
P27829,0.0,0.0,0.0
P27830,0.0,0.0,0.0
P27832,0.0,0.0,0.0
P27833,0.0,0.0,0.0
P27835,0.0,0.0,0.0
P27836,0.0,0.0,0.0
P27848,0.0,0.0,0.0
P28248,0.0,0.0,0.0
P28305,3.4250428734480923e-13,3.4250428734480923e-13,3.425042873446371e-13
P28306,0.0,0.0,0.0
P28629,0.0,0.0,0.0
P28635,0.0,0.0,0.0
P28861,0.0,0.0,0.0
P28903,0.6159972905667828,0.6159972905665018,0.6159972905664924
P28904,0.0,0.0,0.0
P29012,0.3481489475860178,0.34814894758585896,0.34814894758585374
P29208,0.0,0.0,0.0
P29680,1.6342374565855864,1.634237456584841,1.6342374565848166
P30011,0.9523999043057048,0.9523999043039831,0.9523999043062669
P30125,0.050766265445653797,0.05076626544563064,0.05076626544562987
P30126,0.0002051806664177762,0.00020518066641768266,0.00020518066641767951
P30136,9.29945946040849e-13,9.29945946040425e-13,9.29945946040411e-13
P30137,2.0631421837525354e-10,2.0631421837515947e-10,2.0631421837515634e-10
P30138,3.40979689201083e-09,3.4097968920092754e-09,3.409796892009224e-09
P30139,1.573797736056839e-13,1.5737977360561217e-13,1.573797736056098e-13
P30140,3.40979689201083e-09,3.4097968920092754e-09,3.409796892009224e-09
P30147,0.0,0.0,0.0
P30235,0.0,0.0,0.0
P30744,0.0,0.0,0.0
P30745,0.0,0.0,0.0
P30748,0.0,0.0,0.0
P30749,0.0,0.0,0.0
P30750,0.0,0.0,0.0
P30859,0.0,0.0,0.0
P30860,0.0,0.0,0.0
P30863,0.0,0.0,0.0
P31057,0.010384559038078582,0.010384559038050096,0.010384559038003484
P31119,3.68251186619671e-08,3.6825118661950304e-08,3.682511866194975e-08
P31120,0.32213742055077166,0.3221374205506247,0.3221374205506199
P31129,0.0,0.0,0.0
P31133,0.0,0.0,0.0
P31134,0.0,0.0,0.0
P31135,0.0,0.0,0.0
P31142,0.0,0.0,0.0
P31434,0.0,0.0,0.0
P31441,0.0,0.0,0.0
P31459,0.0,0.0,0.0
P31467,0.0,0.0,0.0
P31545,0.0,0.0,0.0
P31547,0.0,0.0,0.0
P31548,0.0,0.0,0.0
P31549,0.0,0.0,0.0
P31550,0.0,0.0,0.0
P31551,0.0,0.0,0.0
P31552,0.0,0.0,0.0
P31554,0.0036529260960604486,0.003652926096058783,0.0036529260960587277
P31572,0.0,0.0,0.0
P31658,0.0,0.0,0.0
P31660,0.0,0.0,0.0
P31663,0.009405172576156754,0.009405172576132714,0.009405172576090498
P31677,0.0,0.0,0.0
P31678,0.0,0.0,0.0
P31806,0.0,0.0,0.0
P31979,8.616044798202935e-09,8.616044798205677e-09,8.615963524506368e-09
P32055,0.0,0.0,0.0
P32056,0.0,0.0,0.0
P32099,0.0,0.0,0.0
P32125,0.0,0.0,0.0
P32131,0.0,0.0,0.0
P32138,0.0,0.0,0.0
P32140,0.0,0.0,0.0
P32141,0.0,0.0,0.0
P32143,0.0,0.0,0.0
P32166,0.0,0.0,0.0
P32169,0.0,0.0,0.0
P32170,0.0,0.0,0.0
P32171,0.0,0.0,0.0
P32173,0.0,0.0,0.0
P32176,0.0,0.5152172896122333,0.11619281788175474
P32662,0.0,0.0,0.0
P32664,0.0,0.0,0.0
P32669,4.678576458824948e-08,4.7565173826334686e-08,4.75604305564888e-08
P32674,1.1877009857964318e-07,1.1769108159414063e-07,1.1876057473640787e-07
P32675,1.1877009857964318e-07,1.1769108159414063e-07,1.1876057473640787e-07
P32709,0.0,0.0,0.0
P32718,0.0,0.0,0.0
P32719,0.0,0.0,0.0
P32720,0.0,0.0,0.0
P32721,0.0,0.0,0.0
P33013,0.0,0.0,0.0
P33018,0.0,0.0,0.0
P33022,0.0,0.0,0.0
P33025,0.0,0.0,0.0
P33030,0.0,0.0,0.0
P33195,0.0,0.0,0.0
P33221,0.015712679514816003,0.015712679514809213,0.01571267951480874
P33225,0.0,0.0,0.0
P33226,0.0,0.0,0.0
P33232,0.0,0.0,0.0
P33359,0.0,0.0,0.0
P33360,0.0,0.0,0.0
P33361,0.0,0.0,0.0
P33362,0.0,0.0,0.0
P33363,0.0,0.0,0.0
P33570,0.07261954144567918,0.0,0.0
P33590,0.0,0.0,0.0
P33591,0.0,0.0,0.0
P33593,0.0,0.0,0.0
P33594,0.0,0.0,0.0
P33599,8.616044798202935e-09,8.616044798205677e-09,8.615963524506368e-09
P33602,8.616044798202935e-09,8.616044798205677e-09,8.615963524506368e-09
P33607,8.616044798202935e-09,8.616044798205677e-09,8.615963524506368e-09
P33931,0.0,0.0,0.0
P33934,0.0,0.0,0.0
P33937,0.0,0.0,0.0
P33940,0.0,0.0,0.0
P35340,0.0,0.0,0.0
P36548,0.0,0.0,0.0
P36553,2.4069501129884643e-09,2.4069501129873666e-09,2.4069501129873306e-09
P36561,0.0,0.0,0.0
P36562,0.0,0.0,0.0
P36649,0.0,0.0,0.0
P36655,0.0,0.0,0.0
P36672,0.0,0.0,0.0
P36683,0.0,1.0,0.0
P36937,0.0,0.0,0.0
P36938,0.0,0.0,0.0
P37001,0.0,0.0,0.0
P37028,0.0,0.0,0.0
P37051,0.0,0.0,0.0
P37095,0.0,0.0,0.0
P37128,0.0,0.0,0.0
P37146,0.0,0.0,0.0
P37180,0.0,0.0,0.0
P37188,0.0,0.0,0.0
P37306,3.604126283780012e-10,3.604126283778368e-10,3.6041262837783143e-10
P37329,9.284420111781604e-07,9.28442011177737e-07,9.284420111777232e-07
P37330,0.0,0.0,8.45304586806828e-06
P37339,0.0,0.0,0.0
P37349,5.718999203114414e-09,5.718999203120088e-09,5.7184288960175056e-09
P37351,0.0,0.0,0.0
P37353,0.0,0.0,0.0
P37355,0.0,0.0,0.0
P37387,0.0,0.0,0.0
P37388,0.0,0.0,0.0
P37595,0.0,0.0,0.0
P37596,0.0,0.0,0.0
P37610,0.0,0.0,0.0
P37617,0.0,0.0,0.0
P37623,0.0,0.0,0.0
P37646,0.0,0.0,0.0
P37647,0.0,0.0,0.0
P37661,0.0,0.0,0.0
P37666,0.0,0.0,0.0
P37672,0.0,0.0,0.0
P37677,0.0,0.0,0.0
P37678,0.0,0.0,0.0
P37679,0.0,0.0,0.0
P37680,0.0,0.0,0.0
P37685,0.0,0.0,0.0
P37686,9.524009209117466e-12,9.524009209117466e-12,9.524009209117466e-12
P37689,0.0,0.0,0.0
P37691,0.0,0.0,0.0
P37692,0.0,0.0,0.0
P37744,0.0,0.0,0.0
P37745,0.0,0.0,0.0
P37747,0.0,0.0,0.0
P37748,0.0,0.0,0.0
P37749,0.0,0.0,0.0
P37750,0.0,0.0,0.0
P37759,0.0,0.0,0.0
P37760,0.0,0.0,0.0
P37766,0.0,0.0,0.0
P37769,0.0,0.0,0.0
P37772,0.0,0.0,0.0
P37773,0.0,0.0,0.0
P37774,0.0,0.0,0.0
P37794,0.0,0.0,0.0
P37902,0.0,0.0,0.0
P37906,0.0,0.0,0.0
P38038,0.07950939576140982,0.07950939576137338,0.07950939576137192
P38051,0.0,0.0,0.0
P38135,0.0,0.0,0.0
P38489,0.0,0.0,0.0
P39160,0.0,0.0,0.0
P39172,0.0,0.0,0.0
P39176,0.0,0.0,0.0
P39208,0.0,0.0,0.0
P39265,0.0,0.0,0.0
P39280,0.0,0.0,0.0
P39286,0.0,0.0,0.0
P39300,0.0,0.0,0.0
P39301,0.0,0.0,0.0
P39304,0.0,0.0,0.0
P39305,0.0,0.0,0.0
P39306,0.0,0.0,0.0
P39325,0.0,0.0,0.0
P39328,0.0,0.0,0.0
P39346,0.0,0.0,0.0
P39358,0.0,0.0,0.0
P39359,0.0,0.0,0.0
P39400,0.0,0.0,0.0
P39411,0.0,0.0,0.0
P39451,0.0,0.0,0.0
P39452,0.0,0.0,0.0
P39829,0.0,0.0,0.0
P39831,0.0,0.0,0.0
P39832,0.0,0.0,0.0
P40191,0.0,0.0,0.0
P40874,0.0,0.0,0.0
P41052,0.0,0.0,0.0
P41409,0.0,0.0,0.0
P42588,0.0,0.0,0.0
P42604,0.0,0.0,0.0
P42630,0.0,0.0,0.0
P42632,0.0,1.0790169856166265e-09,0.0
P43337,0.0,0.0,0.0
P43341,1.260246849272919e-10,1.2602468492723443e-10,1.260246849272325e-10
P45395,0.0,0.04530046739633006,0.04530046739632938
P45425,0.0,0.0,0.0
P45541,0.0,0.0,0.0
P45543,0.0,0.0,0.0
P45563,0.0,0.0,0.0
P45568,1.153553548290037e-11,1.1535535482894358e-11,1.1535535482939808e-11
P45578,0.0022204497436635186,0.0022204497436625055,0.002220449743679712
P45799,0.0,0.0,0.0
P46022,3.6420169726570547e-11,3.642016972655393e-11,3.6420169726553376e-11
P46859,0.0,0.0,0.0
P46883,0.0,0.0,0.0
P46891,0.0,0.0,0.0
P46923,0.0,0.0,0.0
P50457,2.580995128700668e-09,2.5809951286994914e-09,2.580995128699452e-09
P51020,0.0,0.0,0.0
P51025,0.0,0.0,0.0
P51981,0.0,0.0,0.0
P52005,0.0,0.0,0.0
P52006,3.2179592252907682e-12,3.217959225289301e-12,3.2179592252892524e-12
P52043,0.0,0.0,0.0
P52045,0.0,0.0,0.0
P52061,0.0,0.0,0.0
P52073,145.08250799502457,145.08250799502457,1.0
P52074,15.86959610632291,15.86959610632291,0.10938324906037011
P52086,0.0,0.0,0.0
P52094,0.0,0.0,0.0
P52095,0.0,0.0,0.0
P52643,0.0,0.0,0.0
P52647,0.39944356966421335,0.39944356966403055,0.39944356966405925
P52697,0.003080833202064595,0.0030808332020494738,0.0030808332020489312
P54745,0.0,0.0,0.0
P54746,0.0,0.0,0.0
P55734,0.0,0.0,0.0
P56100,3.852990732900429e-10,3.852990732900429e-10,3.852990732900429e-10
P56258,0.0,0.0,0.0
P56579,0.0,0.0,0.0
P56580,0.0,0.0,0.0
P60472,4.036695689682378e-12,4.0366956896804504e-12,4.0366956896804504e-12
P60546,0.17078155904029563,0.17078155904021786,0.17078155904021505
P60560,0.0,0.0,0.0
P60595,0.024222303508172404,0.024222303508161364,0.024222303508160997
P60651,0.0,0.0,0.0
P60664,0.029382282632889202,0.02938228263287581,0.029382282632875366
P60716,0.0,0.0,0.0
P60720,0.0,0.0,0.0
P60752,0.21184166103559585,0.2118416610354992,0.211841661035496
P60757,0.5194172631848865,0.5194172631846496,0.5194172631846419
P60782,0.0,0.0,0.0
P60932,0.0,0.0,0.0
P61517,0.0,0.0,0.0
P61714,2.5336264653559256e-05,2.5336264653539158e-05,2.5336264653534194e-05
P61887,0.0,0.0,0.0
P61889,0.05019271697550096,0.05019271697552782,0.05019072419836051
P61949,0.04396672462693345,0.04386488377134187,0.04102596636061361
P62601,0.0,0.0,0.0
P62615,0.36710803117875024,0.36710803117855895,0.3671080311800053
P62617,0.020932613045347437,0.02093261304533653,0.020932613045419
P62620,3.16276832991271e-09,3.162768329911062e-09,3.1627683299235226e-09
P62623,0.7688085330844524,0.7688085330841008,0.7688085330840957
P62707,0.012238968611804747,0.0122389686118066,0.012238968611806657
P63224,0.0,0.0,0.0
P63228,0.0,0.0,0.0
P63883,0.0,0.0,0.0
P64461,8.588184179044292e-05,8.588184179040375e-05,8.588184179106925e-05
P64636,0.0,0.0,0.0
P65870,0.0,0.0,0.0
P66899,0.0,0.0,0.0
P67910,0.0,0.0,0.0
P68066,0.0,0.0,0.0
P68183,0.0,0.0,0.0
P68187,0.0,0.0,0.0
P68688,1.0,1.0,1.0
P68699,6.496559438978176e-07,6.496559438972573e-07,6.496620393149761e-07
P68767,0.0,0.0,0.0
P69054,1.7239344043276333e-08,1.7239344043286666e-08,1.7239344043287007e-08
P69330,0.0,0.0,0.0
P69432,0.0,0.0,0.0
P69441,0.06511296724745567,0.06511296724742775,0.06511296724742673
P69451,0.0,0.0,0.0
P69490,0.0,0.0,0.0
P69503,0.0,0.0,0.0
P69739,0.0,0.0,0.0
P69741,0.0,0.0,0.0
P69776,0.0,0.0,0.0
P69783,0.0767111611511377,0.0767111611511377,0.0767111611511377
P69786,1.0,0.0,0.0
P69791,0.0,0.0,0.0
P69795,0.0,0.0,0.0
P69797,0.0,0.0,0.0
P69801,0.0,0.0,0.0
P69805,0.0,0.0,0.0
P69811,0.0,0.0,0.0
P69820,0.0,0.0,0.0
P69822,0.0,0.0,0.0
P69824,0.0,0.0,0.0
P69826,0.0,0.0,0.0
P69828,0.0,0.0,0.0
P69831,0.0,0.0,0.0
P69874,0.0,0.0,0.0
P69902,0.0,0.0,0.0
P69908,0.0,0.0,0.0
P69910,0.0,0.0,0.0
P69922,0.0,0.0,0.0
P69924,0.0,0.0,0.0
P71241,0.0,0.0,0.0
P75682,0.0,0.0,0.0
P75691,0.0,0.0,0.0
P75713,0.0,0.0,0.0
P75726,0.0,0.0,0.0
P75728,0.0,0.0,0.0
P75792,0.0,0.0,0.0
P75796,0.0,0.0,0.0
P75797,0.0,0.0,0.0
P75798,0.0,0.0,0.0
P75799,0.0,0.0,0.0
P75804,0.0,0.0,0.0
P75806,5.665257759951986e-10,5.665257759949403e-10,5.665257759949317e-10
P75809,0.3241939314826428,0.3241939314823857,0.3241939314823221
P75820,0.0,0.0,0.0
P75823,0.0,0.0,0.0
P75838,0.0,0.0,0.0
P75851,0.0,0.0,0.0
P75853,0.0,0.0,0.0
P75893,0.0,0.0,0.0
P75894,0.0,0.0,0.0
P75895,0.0,0.0,0.0
P75897,0.0,0.0,0.0
P75898,0.0,0.0,0.0
P75905,0.0,0.0,0.0
P75908,0.0,0.0,0.0
P75913,0.0,0.0,0.0
P75948,0.0,0.0,0.0
P75949,0.0,0.0,0.0
P75954,0.0,0.0,0.0
P75959,0.0,0.0,0.0
P76008,0.0,0.0,0.0
P76014,5.718999203114414e-09,5.718999203120088e-09,5.7184288960175056e-09
P76015,5.718999203114414e-09,5.718999203120088e-09,5.7184288960175056e-09
P76038,0.0,0.0,0.0
P76052,0.0,0.0,0.0
P76077,0.0,0.0,0.0
P76078,0.0,0.0,0.0
P76079,0.0,0.0,0.0
P76080,0.0,0.0,0.0
P76081,0.0,0.0,0.0
P76082,0.0,0.0,0.0
P76083,0.0,0.0,0.0
P76084,0.0,0.0,0.0
P76085,0.0,0.0,0.0
P76108,0.0,0.0,0.0
P76112,0.0,0.0,0.0
P76113,0.0,0.0,0.0
P76129,0.0,0.0,0.0
P76142,0.0,0.0,0.0
P76143,0.028782011750998957,0.028782011750985832,0.028782011751208866
P76145,0.0,0.0,0.0
P76149,0.0,0.0,0.0
P76173,0.0,0.0,0.0
P76190,0.0,0.0,0.0
P76193,0.0,0.0,0.0
P76194,0.0,0.0,0.0
P76215,0.0,0.0,0.0
P76216,0.0,0.0,0.0
P76217,0.0,0.0,0.0
P76234,0.0,0.0,0.0
P76245,0.0,0.0,0.0
P76251,0.0,0.0,0.0
P76270,0.0,0.0,0.0
P76290,0.0,0.0,0.0
P76316,0.0,0.0,0.0
P76372,0.0,0.0,0.0
P76373,0.0,0.0,0.0
P76422,9.515701979739401e-11,9.515701979735062e-11,9.515701979734919e-11
P76423,0.0,0.0,0.0
P76440,0.0,0.0,0.0
P76445,0.0,0.0,0.0
P76458,0.0,0.0,0.0
P76459,0.0,0.0,0.0
P76461,2.1894548846598338e-11,2.189454884658835e-11,2.1894548846588018e-11
P76469,0.0,0.0,0.0
P76472,0.0,0.0,0.0
P76473,0.0,0.0,0.0
P76491,0.0,0.0,0.0
P76503,2.5782155188376514e-07,2.578215518836468e-07,2.578215518836429e-07
P76514,0.0,0.0,0.0
P76518,0.0,0.0,0.0
P76535,0.0,0.0,0.0
P76536,4.551113975176459e-07,4.5511139751743844e-07,4.5511139751743156e-07
P76558,0.0,0.0,0.0
P76577,0.0,0.0,0.0
P76641,0.0,0.0,0.0
P76658,0.0,0.0,0.0
P77044,0.0,0.0,0.0
P77150,0.0,0.0,0.0
P77156,0.0,0.0,0.0
P77161,0.0,0.0,0.0
P77172,0.0,0.0,0.0
P77202,0.0,0.0,0.0
P77215,0.0,0.0,0.0
P77218,0.0,0.0,0.0
P77231,0.0,0.0,0.0
P77243,0.0,0.0,0.0
P77247,0.0,0.0,0.0
P77252,0.0,0.0,0.0
P77256,0.0,0.0,0.0
P77257,0.0,0.0,0.0
P77272,0.0,0.0,0.0
P77302,0.0,0.0,0.0
P77319,0.0,0.0,0.0
P77334,0.0,0.0,0.0
P77357,0.0,0.0,0.0
P77364,0.0,0.0,0.0
P77366,0.0,0.0,0.0
P77374,0.0,0.0,0.0
P77397,0.0,0.0,0.0
P77398,0.0,0.0,0.0
P77399,1.0840483017317328e-10,1.0840483017312381e-10,1.0840483017312219e-10
P77425,0.0,0.0,0.0
P77432,0.3430637678701639,0.3430637678700075,0.3430637678726659
P77433,0.0,0.0,0.0
P77434,0.0,0.0,0.0
P77444,0.0,0.0,0.0
P77454,0.0,0.0,0.0
P77455,0.0,0.0,0.0
P77467,0.0,0.0,0.0
P77475,0.0,0.0,0.0
P77488,0.2477160007517709,0.24771600075164432,0.24771600075246614
P77495,0.0,0.0,0.0
P77499,0.0,0.0,0.0
P77522,0.0,0.0,0.0
P77526,0.0,0.0,0.0
P77536,0.0,0.0,0.0
P77541,0.0,0.0,0.0
P77555,0.0,0.0,0.0
P77567,0.0,0.0,0.0
P77570,0.0,0.0,0.0
P77580,0.0,0.0,1.9161716022861904e-08
P77581,0.0,0.0,0.0
P77596,0.0,0.0,0.0
P77608,0.0,0.0,0.0
P77619,0.0,0.0,0.0
P77625,0.0,0.0,0.0
P77650,0.0,0.0,0.0
P77671,0.0,0.0,0.0
P77672,0.0,0.0,0.0
P77674,0.0,0.0,0.0
P77689,0.0,0.0,0.0
P77690,0.0,0.0,0.0
P77718,3.40979689201083e-09,3.4097968920092754e-09,3.409796892009224e-09
P77731,0.0,0.0,0.0
P77756,0.0,0.0,0.0
P77757,0.0,0.0,0.0
P77781,0.0,0.0,0.0
P77783,0.0,0.0,0.0
P77788,0.0,0.0,0.0
P77790,0.0,0.0,0.0
P77791,0.0,0.0,0.0
P77795,0.0,0.0,0.0
P78055,1.0,0.0,0.0
P78061,0.0,0.0,0.0
P80644,0.0,0.0,0.0
P80645,0.0,0.0,0.0
P80668,0.0,0.0,0.0
Q46799,0.0,0.0,0.0
Q46800,0.0,0.0,0.0
Q46801,0.0,0.0,0.0
Q46806,0.0,0.0,0.0
Q46810,0.0,0.0,0.0
Q46822,0.0,0.0,0.0
Q46829,0.0,0.0,0.0
Q46845,0.0,0.0,0.0
Q46851,0.0,0.0,0.0
Q46856,0.0,0.0,0.0
Q46857,0.0,0.0,0.0
Q46871,0.0,0.0,0.0
Q46877,0.0,0.0,0.0
Q46890,0.0,0.0,0.0
Q46893,0.020062631928974922,0.020062631928964465,0.02006263192904351
Q46915,0.0,0.0,0.0
Q46920,0.0,0.0,0.0
Q46925,0.0,0.0,0.0
Q46938,0.0,0.0,0.0
Q47140,0.0,0.0,0.0
Q47146,9.401608232004676e-09,9.401608232000387e-09,9.401608232000244e-09
Q47537,0.0,0.0,0.0
Q47538,0.0,0.0,0.0
Q47539,0.0,0.0,0.0
Q47690,0.0,0.0,0.0
Q59385,0.0,0.0,0.0
Q6BEX0,0.0,0.0,0.0
Q6BF16,0.0,0.0,0.0
Q6BF17,0.0,0.0,0.0
Q93K97,0.0,0.0,0.0
