,pyruvate,pyruvate.1,pyruvate.2
O32583,1.3224945996503502e-09,9.518213533883505e-10,9.726865202941842e-10
P00350,0.0,0.0,0.0
P00363,0.0,0.0,0.0
P00370,0.002363881950868601,0.001701327548605248,0.0017386228699769982
P00393,0.0,0.0,0.0
P00448,0.0,0.0,0.0
P00452,0.0,0.0,0.0
P00490,0.0,0.0,0.0
P00509,0.01972143007244756,0.0008447005185516598,0.000863217456884975
P00547,2.117529319730277e-09,1.5240210610145852e-09,1.5574295926606501e-09
P00550,0.0,0.0,0.0
P00561,0.13950106605083507,0.10040148664005925,0.10260241832632697
P00562,0.0,0.0,0.0
P00634,0.0,0.0,0.0
P00722,0.0,0.0,0.0
P00805,0.0,0.0,0.0
P00816,0.0,0.0,0.0
P00861,1.3596308492589864,0.9785489297214449,0.9999999999999998
P00864,0.0,0.0,0.0
P00887,0.0,0.0,0.0
P00888,0.0,0.0,0.0
P00893,1.8860053102201437,1.0,0.2746630999790804
P00894,0.5847512318961832,0.3100475002522279,0.08515860756004162
P00895,0.013447906055361447,0.009678681595552584,0.009890850934053681
P00903,7.105923225363916e-11,5.114251100327231e-11,5.2263621623740735e-11
P00904,0.4159495980141235,0.2993658419685166,0.3059283321210463
P00909,0.40961986032610753,0.2948102245055845,0.30127284957483474
P00926,0.0,0.0,0.0
P00934,0.23113422224251676,0.16635114297434617,0.16999777724114407
P00935,0.046642484309606325,0.03356980773766496,0.03430570175700973
P00936,0.0,0.0,0.0
P00944,0.0,0.0,0.0
P00946,0.0,0.0,0.0
P00963,5.718338631663786e-09,4.11558339592625e-09,4.205802357882908e-09
P00968,0.0,0.0,0.0
P02916,0.0,0.0,0.0
P02918,0.0,1.0,0.0
P02919,0.6583514153301118,0.29758019797839363,0.0
P02924,0.0,0.0,0.0
P02925,0.0,0.0,0.0
P03959,0.0,0.0,0.0
P03960,0.0,0.0,0.0
P03961,0.0,0.0,0.0
P04036,0.3848453293547949,0.2769795826225016,0.283051336739336
P04079,7.242814745379299e-09,5.212774203471725e-09,5.327045020585334e-09
P04391,0.0,0.0,0.0
P04425,0.0,0.0,0.0
P04693,0.010266060042997358,0.07320872641741893,0.07481355729269099
P04805,0.03347471450011735,0.024092308632650907,0.024620443496380966
P04825,0.0,0.0,0.0
P04951,0.12176344614906327,0.08763517683737425,0.08955625434317385
P04968,0.00010898551130735559,7.843868466435677e-05,8.015816305341544e-05
P04982,0.0,0.0,0.0
P04983,0.0,0.0,0.0
P05020,9.492733842949506e-09,6.832078388932881e-09,6.981846468196237e-09
P05041,7.105923225363916e-11,5.114251100327231e-11,5.2263621623740735e-11
P05042,0.0,0.0,0.0
P05194,0.06328359825165866,0.045546257921282716,0.046544691366887485
P05459,2.2671172759344693e-11,1.6316820003953966e-11,1.667450600411109e-11
P05637,0.0,0.0,0.0
P05706,0.0,0.0,0.0
P05707,0.0,0.0,0.0
P05791,0.2787341453865483,0.20060959913750442,0.20500722349633566
P05793,0.09686883258605455,0.06971810951635299,0.07124642151128714
P05804,0.0,0.0,0.0
P05847,0.0,0.0,0.0
P06149,0.0,0.0,0.0
P06282,0.0,0.0,0.0
P06609,0.0,0.0,0.0
P06610,0.0,0.0,0.0
P06611,0.0,0.0,0.0
P06715,0.022420822761857407,0.016136899765374697,0.016490641678968698
P06720,0.0,0.0,0.0
P06721,0.0,0.0,0.0
P06959,2.3157646439038395e-09,2.953062027287052e-08,2.977677983833112e-08
P06960,0.07297154219553276,0.05251883226574258,0.05367011364540826
P06968,0.0,0.0,0.0
P06972,0.0,0.0,0.0
P06983,1.046778437507536,0.753383846973429,0.7698990046291178
P06986,0.0009339311526131228,0.0006721657796461229,0.0006869005312156055
P06987,0.002833986693525996,0.002039667345960928,0.0020843795174775187
P06988,4.649725148823492e-09,3.346484503760638e-09,3.419843813751094e-09
P06989,0.652104109968372,0.46933017092417834,0.47961850109812953
P06999,0.0,0.0,0.0
P07000,0.0,0.0,0.0
P07001,0.0,0.0,0.0
P07003,0.0,0.0,0.0
P07004,0.10719675961043008,0.07715129032528463,0.07884254734941729
P07014,1.0220679881754804e-08,5.32864771318932e-09,5.445494510794532e-09
P07023,2.2135647964609954e-05,1.5931393904650756e-05,1.628063086143869e-05
P07024,0.0,0.0,0.0
P07102,0.0,0.0,0.0
P07109,0.0,0.0,0.0
P07623,0.18342888739754545,0.13201853577514486,0.13491255446237668
P07639,0.0018248447490455003,0.001313371108826707,0.001342161918464898
P07650,0.0,0.0,0.0
P07654,0.0,0.0,0.0
P07762,0.0,0.0,0.0
P07821,0.0,0.0,0.0
P07822,0.0,0.0,0.0
P07862,0.0,0.0,0.0
P07913,0.0,0.0,0.0
P08142,0.15514192725309853,0.2886106952521193,0.6649237484134795
P08178,7.96438957515575e-09,5.732129195470124e-09,5.85778495215484e-09
P08179,0.7478255570991471,0.5382161025136857,0.5500145022557998
P08192,0.008691819649458121,0.0062556471265295035,0.006392779079847288
P08200,0.2010363954756715,0.10140970307999392,0.10363350218851905
P08201,0.0,0.0,0.0
P08202,0.0,0.0,0.0
P08203,0.0,0.0,0.0
P08204,0.0,0.0,0.0
P08244,0.2798554790006127,0.20141664158472455,0.20583195736779358
P08331,0.0,0.0,0.0
P08337,0.0,0.0,0.0
P08373,0.9437185600204788,0.6792099394990975,0.6940991082504605
P08506,0.0,0.0,0.0
P08660,0.0,0.0,0.0
P08722,0.0,0.0,0.0
P08839,0.0,0.0,0.0
P08997,0.41145182220090437,0.29612891800018987,0.24893081281241847
P09029,5.401291046205297e-09,3.88741633942602e-09,3.972633581574912e-09
P09053,2.1793626485770974e-09,1.5685235359305869e-09,1.6029076199358622e-09
P09099,0.0,0.0,0.0
P09126,0.001276501091814501,0.0009187190610334557,0.0009388585824675925
P09147,0.0,0.0,0.0
P09148,0.0,0.0,0.0
P09151,0.6053774973375501,0.4357002508585079,0.4452513692723928
P09152,0.0,0.0,0.0
P09158,0.0,0.0,0.0
P09323,0.0,0.0,0.0
P09373,0.0,0.0,0.0
P09394,0.0,0.0,0.0
P09424,0.0,0.0,0.0
P09546,0.0,0.0,0.0
P09551,0.0,0.0,0.0
P09831,0.0,0.0,0.0
P09832,0.0,0.0,0.0
P09833,3.53919001438666e-05,2.5472139018810958e-05,2.6030521566317475e-05
P0A6A3,0.0017369489854551375,0.01792560714730272,0.018052964101510808
P0A6A6,0.00016662554410707865,0.00011992317469046832,0.00012255204726922117
P0A6A8,0.2499571756970392,0.1795657057479056,0.1838419441062777
P0A6B4,0.0,0.0,0.0
P0A6B7,0.2271472254336831,0.1639027469583326,0.16749570918746987
P0A6C5,2.698761193675322e-08,1.9423433052317533e-08,1.984922006694814e-08
P0A6C8,0.05317579531566767,0.038271504078914456,0.039110465421293615
P0A6D3,0.12531787168984532,0.09019335600093359,0.09217051213433772
P0A6D5,0.0,0.0,0.0
P0A6D7,0.33688165243628104,0.24245932681946725,0.24777435185431773
P0A6E1,0.0,0.0,0.0
P0A6E4,3.0633828709899954e-08,2.2047675892085193e-08,2.2530989736365368e-08
P0A6E6,3.9077688079205195e-07,2.720799825780093e-07,2.767156659320687e-07
P0A6F1,0.0,0.0,0.0
P0A6F3,0.0,0.0,0.0
P0A6G3,0.0,0.0,0.0
P0A6G5,0.0,0.0,0.0
P0A6H8,0.0,0.0,0.0
P0A6I0,0.07960045874259063,0.05728977372818029,0.05854564037435344
P0A6I3,0.07208028029660242,0.05187737625797756,0.05301459608434305
P0A6I6,0.11797266529014465,0.0849068888221535,0.08676815869215226
P0A6I9,9.972119074097395e-10,7.177099910926542e-10,7.334431312459334e-10
P0A6J1,0.056754876037615594,0.04084808820545698,0.04174353163626144
P0A6J5,0.0,0.0,0.0
P0A6J8,0.513297669453657,0.36942886765634936,0.37752723081666595
P0A6K1,2.0623839591524706e-10,1.4843320280672038e-10,1.5168705242871561e-10
P0A6K6,0.2287948341388191,0.1527987852053691,0.15707669474017721
P0A6L0,0.0,0.0,0.0
P0A6L2,0.030138209735963484,0.02169097067554829,0.02216646507571458
P0A6L4,0.0,0.0,0.0
P0A6L7,0.0,0.0,0.0
P0A6P9,0.5026228948295105,0.36174729952961815,0.3696772726863872
P0A6Q3,0.0,0.0,0.0
P0A6Q6,0.0,1.5238420541970152e-08,1.55724666178829e-08
P0A6R0,0.0,3.6867244605905514e-06,3.767542274743217e-06
P0A6S7,0.261222185363899,0.1880059503258956,0.19212728624557754
P0A6T1,0.0,0.0,0.0
P0A6T3,0.0,0.0,0.0
P0A6T5,1.3602875052003359e-08,9.790215359209598e-09,1.0004829663446258e-08
P0A6T9,0.0,0.0,0.0
P0A6U8,0.0,0.0,0.0
P0A6V1,0.0,0.0,0.0
P0A6V5,0.0,0.0,0.0
P0A6V8,0.0,0.0,0.0
P0A6W0,0.0,0.0,0.0
P0A6W3,3.7102565133557323e-10,2.670333305628527e-10,2.728870498472333e-10
P0A6W9,0.0,0.0,0.0
P0A6X1,1.692847934399505e-09,1.2183708065248913e-09,1.2450790854900983e-09
P0A715,0.0052774050021002945,0.003798236131025112,0.0038814984265593384
P0A717,1.0,1.0,1.0
P0A720,0.16838521381981653,0.12118963824195475,0.12384627335543928
P0A722,0.1281005549211389,0.09219609939206819,0.09421715827568566
P0A725,8.391551202981849e-10,6.039538932833108e-10,6.17193351236134e-10
P0A731,0.0,0.0,0.0
P0A738,0.0,0.0,0.0
P0A744,0.0,0.0,0.0
P0A746,0.0,0.0,0.0
P0A749,0.38795124312414275,0.27921496040644855,0.2853357169231489
P0A752,0.6610432941546235,0.47576385042060765,0.48619321525008286
P0A754,0.0,0.0,0.0
P0A759,0.0,0.0,0.0
P0A761,0.0,0.0,0.0
P0A763,0.008700441907493868,0.0011672515819989339,0.0011928392608136652
P0A786,0.003300090579717108,0.0023751300630799922,0.0024271960153858622
P0A790,0.07118976463551142,0.05123645732947254,0.052359627376046464
P0A794,0.00624915832284604,0.00449762315397128,0.00459621692627223
P0A796,0.0,0.0,0.0
P0A799,0.0052858500816578445,0.0038043268483343258,0.0038877226603447907
P0A7A7,1.431170416322688,1.0,1.0526169048772989
P0A7A9,0.04881985506150962,0.0,0.0
P0A7B1,0.0,0.0,0.0
P0A7B3,0.009147224839183097,0.006583409813889056,0.0067277267532995805
P0A7B5,0.5895646010175364,0.4243194464451783,0.4336210827658518
P0A7D4,0.5819233620570017,0.4188227183534782,0.42800385921696593
P0A7D7,0.022930044799248706,0.016503208224447532,0.01686498009776943
P0A7E1,0.1787026485834291,0.1286152675963536,0.13143468220129306
P0A7E3,7.3567204175616e-09,5.294754009728664e-09,5.410821931240447e-09
P0A7E5,0.6522930014578675,0.469466119269996,0.4797574296092018
P0A7E9,0.045697758896036396,0.032889436925292316,0.03361041632803651
P0A7F3,0.0,0.0,0.0
P0A7F6,0.0,0.0,0.0
P0A7I7,0.39568976906737763,0.2847845062012666,0.29102735443438565
P0A7J0,0.440794743965299,0.3172473066264599,0.3242017818331801
P0A7Z0,0.00024513696604583867,0.00017643010957447868,0.00018029768794974188
P0A817,0.0028175797334383905,0.0020414992910433036,0.0020862516211882015
P0A825,0.0036903307323079442,0.002655997394753071,0.002714220325711265
P0A836,0.19375979457328818,0.0944829974787075,0.09655498406005013
P0A840,0.0,0.5373557874908461,0.5491353280042963
P0A853,0.0519176585056835,0.03736600209686973,0.038185113653444375
P0A858,0.0005710753085480404,0.0004110132083014288,0.0004200231545073745
P0A867,0.0,0.1724671037315164,0.0
P0A870,0.02444716102682648,0.0,0.017980916378360388
P0A877,0.0007958482270136529,0.000572785202093172,0.0005853414016366271
P0A879,0.0006670263867545576,0.000480069981650073,0.0004905937424986304
P0A884,0.06353413111841637,0.045726570591269215,0.04672895672604307
P0A887,0.0,0.0,0.0
P0A8F0,0.0,0.0,0.0
P0A8F4,0.0,0.0,0.0
P0A8G3,0.0,0.0,0.0
P0A8G6,0.0,0.0,0.0
P0A8K1,0.0076970324910117915,0.005539682267591792,0.005661119336330708
P0A8N5,0.0,0.0,0.0
P0A8Q0,0.0,0.0,0.0
P0A8Q3,0.0,0.0,0.0
P0A8Y1,0.0,0.0,0.0
P0A8Y3,0.0,0.0,0.0
P0A8Y5,0.0,0.0,0.0
P0A8Y8,0.0,0.0,0.0
P0A921,0.0,0.0,0.0
P0A924,0.0,0.0,0.0
P0A935,0.0,0.0,0.0
P0A951,0.0,0.0,0.0
P0A953,6.922992358062032e-08,4.982720761130165e-08,5.091948506395641e-08
P0A955,0.0,0.0,0.0
P0A959,0.0,0.0,0.0
P0A962,0.0,0.0,0.0
P0A991,0.0,0.0,0.0
P0A993,0.0,0.0,0.0
P0A996,0.0,0.0,0.0
P0A9B2,0.05198626437039585,0.037415503321818394,0.038235700009878845
P0A9B6,0.0005700410398654247,0.0004102680148523438,0.00041926162544493346
P0A9C0,0.0,0.0,0.0
P0A9C3,0.0,0.0,0.0
P0A9C5,3.715960550324972e-08,2.6744454251654124e-08,2.7330727610386928e-08
P0A9C9,0.0,0.0,0.0
P0A9D4,0.08717532689292012,0.06274254638317685,0.0641179449258987
P0A9D8,0.04380758606391981,0.03152904810882474,0.03222020601238595
P0A9G6,0.07436259467293217,0.05352003202316523,0.05469326100882902
P0A9H3,0.0,0.0,0.0
P0A9H5,0.0,0.0,0.0
P0A9H7,0.0,0.0,0.0
P0A9I1,0.0,0.0,0.0
P0A9I8,0.0,0.0,0.0
P0A9J4,1.9186184421176825e-12,1.3808615949836328e-12,1.4111318842030608e-12
P0A9J6,0.0,0.0,0.0
P0A9J8,8.780772185394541e-05,6.319667745718347e-05,6.458203114602875e-05
P0A9L8,0.004628398732453341,0.0033311355272901645,0.0034041583676744816
P0A9M2,0.0,0.0,0.0
P0A9M5,0.0,0.0,0.0
P0A9M8,0.0,0.9605889126297361,0.0
P0A9N4,0.0,0.0,0.0
P0A9N8,0.0,0.0,0.0
P0A9P0,5.272666254747357e-09,3.0989628568245204e-08,3.126778334339887e-08
P0A9P4,0.0,0.0,0.0
P0A9P9,0.0,0.0,0.0
P0A9Q5,0.058733080571500194,0.04227443366473364,0.043201144450454365
P0A9Q7,0.0,0.0,0.0
P0A9Q9,0.023916970978857748,0.01721347389980409,0.017590815724160158
P0A9S1,0.0,0.0,0.0
P0A9S3,0.0,0.0,0.0
P0A9S5,0.0,0.0,0.0
P0A9T0,0.6406602832811442,0.4610955215508785,0.4712033374581699
P0A9U8,1.0130533103676303e-10,7.291113122001408e-11,7.450943841997667e-11
P0A9V1,0.0017353418114252224,0.0012489543563949854,0.0012763330667077775
P0A9V8,0.0,0.0,0.0
P0A9X1,0.0,0.0,0.0
P0AA04,0.0,0.0,0.0
P0AA25,0.0,0.0,0.0
P0AA84,0.0,0.0,0.0
P0AA89,0.0,0.0,0.0
P0AAB4,3.217784054367356e-05,2.3158926882190263e-05,2.3666600799188154e-05
P0AAF3,0.0,0.0,0.0
P0AAF6,0.0,0.0,0.0
P0AAG3,0.0,0.0,0.0
P0AAG8,0.0,0.0,0.0
P0AAH0,0.0,0.0,0.0
P0AAI1,0.0,0.0,0.0
P0AAI5,0.0,0.0,0.0
P0AAI9,0.0007311205558926816,0.0005262266665382232,0.0005377622421885636
P0AAJ1,0.0,0.0,0.0
P0AAJ3,0.0,0.0,0.0
P0AAJ5,0.0,0.0,0.0
P0AAJ8,0.0,0.0,0.0
P0AAK1,0.0,0.0,0.0
P0AAK7,0.0,0.0,0.0
P0AAL3,0.0,0.0,0.0
P0AAM1,0.0,0.0,0.0
P0AAN3,0.0,0.0,0.0
P0AAX8,0.0,0.0,0.0
P0AB65,0.0,0.0,0.0
P0AB67,0.0,0.0,0.0
P0AB71,0.0,0.0,0.0
P0AB74,0.0,0.0,0.0
P0AB77,0.0,0.0,0.0
P0AB80,0.1592478936909579,0.11461335701275928,0.11712583145472885
P0AB87,0.0,0.0,0.0
P0AB89,0.26413772352571563,0.1901053294530169,0.1942726865044018
P0AB91,0.042707118964989466,0.030737023639507293,0.031410819332516104
P0AB96,0.0,0.0,0.0
P0AB98,3.9077688079205195e-07,2.720799825780093e-07,2.767156659320687e-07
P0ABA0,3.9077688079205195e-07,2.720799825780093e-07,2.767156659320687e-07
P0ABA4,3.9077688079205195e-07,2.720799825780093e-07,2.767156659320687e-07
P0ABA6,3.9077688079205195e-07,2.720799825780093e-07,2.767156659320687e-07
P0ABB0,3.9077688079205195e-07,2.720799825780093e-07,2.767156659320687e-07
P0ABB4,3.9077688079205195e-07,2.720799825780093e-07,2.767156659320687e-07
P0ABB8,0.0,0.0,0.0
P0ABC0,0.0,0.0,0.0
P0ABD3,0.0,0.0,0.0
P0ABD5,0.03030810088573964,0.021814925897484364,0.022293137557969883
P0ABD8,0.0418884531970132,0.030150140581161812,0.030811071031209863
P0ABE9,8.501328852123206e-15,0.0,0.0
P0ABF6,0.0,0.0,0.0
P0ABF8,0.0,0.0,0.0
P0ABG1,1.1092013776186696e-09,7.983106749202257e-10,8.158106873076586e-10
P0ABG4,1.4125614899406662e-11,1.0166439919339247e-11,1.0389301557187579e-11
P0ABH7,0.26693304657924366,0.14143863873118365,0.14454005531351236
P0ABI8,1.6476922064046673e-08,1.0984064775138337e-08,1.1180330041514194e-08
P0ABJ1,1.6476922064046673e-08,1.0984064775138337e-08,1.1180330041514194e-08
P0ABJ3,1.6476922064046673e-08,1.0984064775138337e-08,1.1180330041514194e-08
P0ABJ6,1.6476922064046673e-08,1.0984064775138337e-08,1.1180330041514194e-08
P0ABJ9,0.0,0.0,0.0
P0ABK2,0.0,0.0,0.0
P0ABK5,0.0058386581154700485,0.0,0.0
P0ABK9,0.0,0.0,0.0
P0ABL1,0.0,0.0,0.0
P0ABL3,0.0,0.0,0.0
P0ABL5,0.0,0.0,0.0
P0ABL8,0.0,0.0,0.0
P0ABM1,0.0,0.0,0.0
P0ABM5,0.0,0.0,0.0
P0ABN1,0.0,0.0,0.0
P0ABP8,8.37360378462997e-05,6.062655491037995e-05,6.195556815706694e-05
P0ABQ0,0.06228906096208326,0.044830472897570146,0.04581321540079414
P0ABQ2,0.0,0.0,0.0
P0ABQ4,0.0,0.0,0.0
P0ABR5,0.0,0.0,0.0
P0ABR9,0.0,0.0,0.0
P0ABU0,0.0,0.0,0.0
P0ABW0,0.0,0.0,0.0
P0ABY4,0.00972931018059216,0.07047401858727116,0.0720189010960672
P0ABZ4,0.34827116795003454,0.25065655051596075,0.2561512693977531
P0AC00,0.0,0.0,0.0
P0AC13,1.4020674548875285,1.0090912604145563,1.0312118584626309
P0AC16,5.349452948378716e-10,3.850090235951499e-10,3.934489241174587e-10
P0AC19,0.0,0.0,0.0
P0AC28,0.0,0.0,0.0
P0AC33,0.24266169271121757,0.0,0.0
P0AC35,0.0,0.0,0.0
P0AC38,0.0,0.0,0.0
P0AC41,1.0220679881754804e-08,5.32864771318932e-09,5.445494510794532e-09
P0AC44,1.0220679881754804e-08,5.32864771318932e-09,5.445494510794532e-09
P0AC47,0.0,0.0,0.0
P0AC53,0.0,0.0,0.0
P0AC59,5.257341932392243e-08,3.7838575638553766e-08,3.866804662422437e-08
P0AC62,0.0,0.0,0.0
P0AC69,0.0,0.0,0.0
P0AC75,2.0207075556595115,1.4543368274913262,1.486217789748459
P0AC78,0.0,0.0,0.0
P0AC81,0.0,0.0,0.0
P0AC84,0.0,0.0,0.0
P0AC86,0.0,0.0,0.0
P0AC88,0.0,0.0,0.0
P0ACB2,0.06397070680492026,0.046040781372087794,0.04705005541745759
P0ACB4,0.2249362395036638,0.16189035173910604,0.16543919963735484
P0ACC7,0.03066607119242415,0.022070881342875603,0.022554703880937596
P0ACD4,0.23227451738156707,0.16778418338062098,0.17146223176431585
P0ACD8,0.0,0.0,0.0
P0ACE0,0.0,0.0,0.0
P0ACE7,0.0,0.0,0.0
P0ACV0,0.0,0.0,0.0
P0ACV2,0.0,0.0,0.0
P0AD57,0.057521685326684634,0.04139931338192167,0.042306840388355894
P0AD61,0.0,0.0,0.0
P0AD65,3.662130536630188e-10,2.635696239955704e-10,2.693474143092655e-10
P0AD68,3.662130536630188e-10,2.635696239955704e-10,2.693474143092655e-10
P0AD70,0.0,0.0,0.0
P0ADA1,0.0,0.0,0.0
P0ADC1,0.007082094577885005,0.005097101226522214,0.005208836340941236
P0ADC6,0.01788886997617502,0.012874917172299116,0.013157152168123168
P0ADF6,0.0,0.0,0.0
P0ADF8,0.23332288495225215,0.43405081551192876,1.0
P0ADG4,0.0,0.0,0.0
P0ADG7,0.5720677741493423,0.41172668921646055,0.42075227585570363
P0ADI4,0.0,0.0,0.0
P0ADP0,0.03142714338841599,0.02261863765717546,0.023114467728892436
P0ADU2,4.246088060743964e-06,3.0559801799235224e-06,3.122971255808067e-06
P0ADV1,0.0021753482559061428,0.0015656343107752551,0.0015999550591925234
P0ADV9,0.056442617679286364,0.040622690453695084,0.04151319287146816
P0AE08,0.0,0.0,0.0
P0AE12,0.0,0.0,0.0
P0AE22,0.0,0.0,0.0
P0AE26,0.0,0.0,0.0
P0AE30,0.0,0.0,0.0
P0AE34,0.0,0.0,0.0
P0AE37,0.0,0.0,0.0
P0AE52,0.0,0.0,0.0
P0AE76,0.0,0.0,0.0
P0AEA5,0.0,0.0,0.0
P0AEA8,0.010922737700116964,0.007861275942586064,0.008033605376098941
P0AEB0,0.0,0.0,0.0
P0AEB2,0.0,0.0,0.0
P0AED7,2.3156558475973038e-10,1.6666160175054368e-10,1.7031504167909702e-10
P0AEE5,0.0,0.0,0.0
P0AEG6,0.0,0.0,0.0
P0AEI6,0.0,0.0,0.0
P0AEJ2,0.0,0.0,0.0
P0AEJ6,0.0,0.0,0.0
P0AEK2,9.387172490349592e-09,6.7564513786438636e-09,6.9045616150918115e-09
P0AEK4,0.0,2.0754163018090103e-06,2.1209121371169462e-06
P0AEK7,0.0,0.0,0.0
P0AEL0,0.0,0.0,0.0
P0AEL6,0.0,0.0,0.0
P0AEM9,0.0,0.0,0.0
P0AEN1,0.0,1.0,1.0
P0AEP3,0.0,0.0,0.0
P0AEP7,0.0,0.0,0.0
P0AEP9,0.0,0.0,0.0
P0AEQ3,0.0,0.0,0.0
P0AEQ6,0.0,0.0,0.0
P0AER3,0.0,0.0,0.0
P0AER5,0.0,0.0,0.0
P0AES0,0.0,0.0,0.0
P0AES2,0.0,0.0,0.0
P0AET8,0.0,0.0,0.0
P0AEU0,0.0,0.0,0.0
P0AEU3,0.0,0.0,0.0
P0AEW4,0.0,0.0,0.0
P0AEW6,0.0,0.0,0.0
P0AEW9,0.0,0.0,0.0
P0AEX9,0.0,0.0,0.0
P0AEY3,0.0,0.0,0.0
P0AEZ1,0.057240750132315006,0.041198187245276276,0.04210130530417504
P0AEZ7,0.0,0.0,0.0
P0AF01,1.7479409364011481e-15,1.258022156134406e-15,1.2855996444577545e-15
P0AF03,0.0,0.0,0.0
P0AF12,0.004284449183454569,0.0031008087122981437,0.003168782488148995
P0AF16,1.4125614899406662e-11,1.0166439919339247e-11,1.0389301557187579e-11
P0AF18,0.0,0.0,0.0
P0AF24,0.0,0.0,0.0
P0AF26,0.0,0.0,0.0
P0AF32,0.0,0.0,0.0
P0AF98,0.02939994448129281,0.02115962889612173,0.021623475590684112
P0AFA9,0.0,0.0,0.0
P0AFC0,4.104258123798556e-12,2.953902815997392e-12,3.018656222779362e-12
P0AFC3,2.5922630970835254e-09,1.892575603507698e-09,1.923938274674887e-09
P0AFC7,2.5922630970835254e-09,1.892575603507698e-09,1.923938274674887e-09
P0AFD1,2.5922630970835254e-09,1.892575603507698e-09,1.923938274674887e-09
P0AFD4,2.5922630970835254e-09,1.892575603507698e-09,1.923938274674887e-09
P0AFD6,2.5922630970835254e-09,1.892575603507698e-09,1.923938274674887e-09
P0AFE0,2.5922630970835254e-09,1.892575603507698e-09,1.923938274674887e-09
P0AFE4,2.5922630970835254e-09,1.892575603507698e-09,1.923938274674887e-09
P0AFE8,2.5922630970835254e-09,1.892575603507698e-09,1.923938274674887e-09
P0AFF0,2.5922630970835254e-09,1.892575603507698e-09,1.923938274674887e-09
P0AFG3,0.30775198056499814,0.15185242921702444,0.15518246533169405
P0AFG6,0.13516564324001665,0.06669406719981519,0.06815662959381005
P0AFG8,2.3157646439038395e-09,2.953062027287052e-08,2.977677983833112e-08
P0AFI0,0.0,0.0,0.0
P0AFI5,0.0,0.0,0.0
P0AFI7,0.0,0.0,0.0
P0AFK4,0.0,0.0,0.0
P0AFK6,0.0,0.0,0.0
P0AFK9,0.0,0.0,0.0
P0AFL1,0.0,0.0,0.0
P0AFL6,0.0,0.0,0.0
P0AFM2,0.0,0.0,0.0
P0AFP4,0.0,0.0,0.0
P0AFQ5,0.0,0.0,0.0
P0AFR9,0.0,0.0,0.0
P0AFS1,0.0,0.0,0.0
P0AFS3,1.0101526511330954,0.727023659517804,0.7429609674446844
P0AFS9,0.0,0.0,0.0
P0AFT2,0.0,0.0,0.0
P0AFU8,0.23317376960239503,0.1678190391220318,0.17149785158919004
P0AFV4,0.0,0.0,0.0
P0AG00,0.0,0.0,0.0
P0AG07,4.2462596694890206e-11,3.0561194497605174e-11,3.123113578623354e-11
P0AG16,0.45695816434402753,0.32888185720041346,0.3360913769472905
P0AG18,0.42607202346703543,0.30665248949354723,0.31337471247432275
P0AG20,0.0,0.0,0.0
P0AG24,0.0,0.0,0.0
P0AG40,0.015308603541538679,0.011017856515419363,0.011259382316802997
P0AG78,0.0,0.0,0.0
P0AG80,0.0,0.0,0.0
P0AG82,0.0,0.0,0.0
P0AG84,0.0,0.0,0.0
P0AGB0,7.893093275296319e-07,5.680810962376078e-07,5.805341756383116e-07
P0AGC3,0.0,0.0,0.0
P0AGC5,0.0,0.0,0.0
P0AGD1,0.0,0.0,0.0
P0AGD3,1.3432562288030081e-07,9.667638431082308e-08,9.879565688993117e-08
P0AGE6,0.0,0.0,0.0
P0AGE9,0.1899592399563251,0.09262973481870614,0.09466107985113843
P0AGF6,0.0,0.0,0.0
P0AGG0,1.2891836068707196,0.9278468780002467,0.9481864931009314
P0AGG2,0.5155563430550678,0.3710544726037917,0.37918847114718784
P0AGG4,0.0,0.0,0.0
P0AGH8,0.0,0.0,0.0
P0AGI1,0.0,0.0,0.0
P0AGI4,0.0,0.0,0.0
P0AGK1,7.935081862166791e-09,5.711010358221359e-09,5.83620316241832e-09
P0C066,0.0,0.0,0.0
P0C0T5,0.0,0.0,0.0
P0C7L2,0.0,0.0,0.0
P0C8J6,0.0,0.0,0.0
P0C8J8,0.0,0.0,0.0
P0C8K0,0.0,0.0,0.0
P0C960,0.0,0.0,0.0
P0CI31,0.0,0.0,0.0
P0DP69,0.0,0.0,0.0
P10346,0.0,0.0,0.0
P10371,0.16965195187861623,0.12210133068579071,0.12477795128808555
P10378,0.0,0.0,0.0
P10441,0.018580456498097756,0.01337266349160785,0.013665809736682794
P10902,0.49050678975769224,0.3530258925794126,0.3607646811080215
P10905,0.0,0.0,0.0
P10906,0.0,0.0,0.0
P10907,0.0,0.0,0.0
P10908,0.0,0.0,0.0
P11349,0.0,0.0,0.0
P11350,0.0,0.0,0.0
P11446,1.4250671603247295e-08,1.0256445308496487e-08,1.0481279981999572e-08
P11447,0.0027602299575732485,0.0019865833966921658,0.002030131898726484
P11454,0.0,0.0,0.0
P11458,0.3274748965144676,0.23568912816982612,0.24085574161019357
P11553,0.0,0.0,0.0
P11868,0.0,0.0,0.0
P11880,0.04253536672991655,0.030613410700083735,0.03128449663605293
P11988,0.0,0.0,0.0
P12008,0.46780994304284546,0.33669059460302664,0.34407129207005477
P12281,0.0,0.0,0.0
P12282,0.0,0.0,0.0
P12758,0.0,0.0,0.0
P12995,0.0,0.000803878106328136,0.000821500164081697
P12996,0.0,3.662480622394933e-05,3.7427669799173955e-05
P12998,0.0,0.0049599174481261745,0.005068645314995205
P12999,0.0,5.921496950103137e-16,6.051303895301953e-16
P13000,0.0,0.1469652960475122,0.15018696723662817
P13001,0.0,6.460746097332994e-05,6.602374087897801e-05
P13009,1.7033482654153336,1.0,1.0
P13016,0.0,0.0,0.0
P13029,0.0,0.0,0.0
P13033,0.0,0.0,0.0
P13035,0.0,0.0,0.0
P13482,0.0,0.0,0.0
P14081,0.0,0.0,0.0
P14175,0.0,0.0,0.0
P14176,0.0,0.0,0.0
P14407,0.0,8.202639532933226e-10,8.382504210916618e-10
P14900,1.1884126175732451e-09,8.553203214148632e-10,8.740700596937342e-10
P15028,0.0,0.0,0.0
P15029,0.0,0.0,0.0
P15030,0.0,0.0,0.0
P15031,0.0,0.0,0.0
P15042,0.0,0.0,0.0
P15047,0.0,0.0,0.0
P15067,0.0,0.0,0.0
P15254,6.376745651083082e-07,4.589470363514415e-07,4.690077546577424e-07
P15288,0.0,0.0,0.0
P15639,8.97908011822195e-09,6.46241708554923e-09,6.604081706357037e-09
P15640,0.44456419221862,0.31996166955797234,0.3269756471442041
P15723,0.0,0.0,0.0
P15770,0.3144173250311105,0.22629137685626774,0.23125197931664412
P15877,0.0,0.0,0.0
P15977,0.0,0.0,0.0
P16095,0.0,0.0,0.0
P16429,0.0,0.0,0.0
P16430,0.0,0.0,0.0
P16431,0.0,0.0,0.0
P16432,0.0,0.0,0.0
P16433,0.0,0.0,0.0
P16456,0.0,0.0,0.0
P16676,0.0,0.0,0.0
P16677,0.0,0.0,0.0
P16679,0.0,0.0,0.0
P16682,0.0,0.0,0.0
P16685,0.0,0.0,0.0
P16686,0.0,0.0,0.0
P16687,0.0,0.0,0.0
P16688,0.0,0.0,0.0
P16689,0.0,0.0,0.0
P16690,1.7226328109706447e-08,1.150364157937142e-08,1.1825773603607737e-08
P16691,0.0,0.0,0.0
P16692,0.0,0.0,0.0
P16700,0.0,0.0,0.0
P16701,0.0,0.0,0.0
P16703,0.0,0.293336166949924,0.2997664787528049
P17109,0.0,0.0,0.0
P17115,0.08487716265099131,0.0,0.0
P17169,0.060471664497216825,0.043522462442269934,0.04447653164840627
P17334,0.0,0.0,0.0
P17411,0.0,0.0,0.0
P17443,0.6378442295565767,0.45906709788304867,0.4691304480949433
P17444,0.0,0.0,0.0
P17445,0.0,0.0,0.0
P17846,0.11006072382268735,0.07906848764240973,0.08080493691293567
P17854,5.257341932392243e-08,3.7838575638553766e-08,3.866804662422437e-08
P17952,1.9775789666896065e-09,1.4232964648812116e-09,1.4544969818590157e-09
P17993,0.0,0.0,0.0
P18133,0.0,0.0,0.0
P18200,0.0,0.0,0.0
P18335,0.0,0.0,0.0
P18775,0.0,0.0,0.0
P18776,0.0,0.0,0.0
P18777,0.0,0.0,0.0
P18843,0.008371235757082676,0.006024917568616512,0.006156991628751734
P18956,0.0,0.0,0.0
P19317,0.0,0.0,0.0
P19318,0.0,0.0,0.0
P19319,0.0,0.0,0.0
P19624,0.03133506432557451,0.022552366824609177,0.02304674415312984
P19636,0.0,0.0,0.0
P19642,0.0,0.0,0.0
P19925,0.0,0.0,0.0
P19926,0.0,0.0,0.0
P20099,0.0,0.0,0.0
P20966,0.0,0.0,0.0
P21151,1.0027646951627177e-07,7.242443726024824e-08,7.401207549311273e-08
P21156,0.4719602367661163,0.33968312023293473,0.3471294177692564
P21169,0.0,0.0,0.0
P21170,0.0,0.0,0.0
P21177,0.0683536212463224,0.049034616319838166,0.05010951913645894
P21179,0.0,0.0,0.0
P21369,0.0,0.0,0.0
P21437,0.0,0.0,0.0
P21514,0.0,0.0,0.0
P21515,0.0,0.0,0.0
P21517,0.0,0.0,0.0
P21599,0.0,0.0,0.0
P21645,0.553086375792885,0.3980654612026583,0.4067915758857067
P21829,0.0,0.0,0.0
P22106,0.0,0.0,0.0
P22188,1.3894357328110523,1.0,1.0219213057487697
P22255,0.839230524313755,0.6040179254230013,0.6172587870439353
P22256,0.0,0.0,0.0
P22259,0.0,0.0,0.0
P22333,0.0,0.0,0.0
P22525,0.0,0.0,0.0
P22564,0.0,0.0,0.0
P22634,1.2754834279688476,0.9179866314423478,0.9381100970634786
P22939,5.751235966316661,4.139260154682333,4.229998142106844
P23200,0.0,0.0,0.0
P23256,2.4179189176181865e-10,1.7402390629734998e-10,1.7783873755488942e-10
P23331,0.0,0.0,0.0
P23522,0.0,0.0,0.0
P23524,0.0,0.0,0.0
P23538,0.025597816868141336,0.018423227093078247,0.018827088287064146
P23721,4.756678913455593e-08,3.4234732488812836e-08,3.498520252692641e-08
P23830,0.02650236180372755,0.01907419046299393,0.019492321624043484
P23845,0.29111609723008663,0.20952448226301446,0.21411753250055426
P23857,0.0,0.0,0.0
P23871,0.0,0.0,0.0
P23876,0.0,0.0,0.0
P23877,0.0,0.0,0.0
P23878,0.0,0.0,0.0
P23883,0.0,0.0,0.0
P23893,0.05637368240911693,0.04057307659352037,0.041462491410695176
P23908,0.001985166476547412,0.0014287573218885773,0.0014600775479824898
P23917,0.0,0.0,0.0
P23930,0.0,0.0,0.0
P24169,0.0,0.0,0.0
P24173,0.0,0.0,0.0
P24174,0.0,0.0,0.0
P24175,0.0,0.0,0.0
P24182,0.0590905277570319,0.042531714181716064,0.04346406489231276
P24183,0.0,0.0,0.0
P24186,1.142139360566498,0.8220148205064969,0.8400344587167939
P24203,0.0,0.0,0.0
P24205,0.0,0.0,0.0
P24215,0.0,0.0,0.0
P24224,0.0,0.0,0.0
P24228,0.0,0.0,0.0
P24232,0.0,0.0,0.0
P24240,0.0,0.0,0.0
P24241,0.0,0.0,0.0
P25397,0.0,0.0,0.0
P25437,0.0,0.0,0.0
P25516,6.794430048415222e-07,3.6001347503326506e-07,3.6790772353103276e-07
P25519,0.0,0.0,0.0
P25524,0.0,0.0,0.0
P25526,0.0,0.0,0.0
P25534,0.0,0.0,0.0
P25535,0.0,0.0,0.0
P25536,0.0,0.0,0.0
P25539,0.0039693863981993815,0.0028568333924770964,0.0029194589107485736
P25552,0.0,0.0,0.0
P25553,0.0,0.0,0.0
P25665,0.0,0.0866054303906978,0.0969058882927523
P25718,0.0,0.0,0.0
P25740,0.0,0.0,0.0
P25741,0.0,0.0,0.0
P25742,0.0,0.0,0.0
P25889,0.0,0.0,0.0
P26281,9.068583368002237e-12,6.526810239473065e-12,6.669886442297504e-12
P26365,0.0,0.0,0.0
P26458,0.0,0.0,0.0
P26459,0.0,0.0,0.0
P26602,0.041003286306986145,0.0295107469447543,0.030157661051404824
P26612,0.0,0.0,0.0
P26616,0.0,0.0,0.0
P26646,0.0,0.0,0.0
P26647,0.05398716636302246,0.03885546131291567,0.039707223760365576
P27126,0.0,0.0,0.0
P27127,0.0,0.0,0.0
P27128,0.0,0.0,0.0
P27129,0.0,0.0,0.0
P27240,0.0,0.0,0.0
P27241,0.0,0.0,0.0
P27242,0.0,0.0,0.0
P27243,0.0,0.0,0.0
P27247,0.0,0.0015790285118741818,0.0
P27248,0.0,0.0,0.0
P27250,0.0,0.0,0.0
P27253,0.0,0.0,0.0
P27254,0.0,0.0,0.0
P27278,0.0,0.0,0.0
P27300,5.769160298385026e-10,4.152160594512052e-10,4.243181376422343e-10
P27302,0.05854281600341635,0.042134455393144116,0.010963122593570655
P27306,1.0509962462183347,0.0,0.0
P27550,0.0,0.0,0.0
P27828,0.0,0.0,0.0
P27829,0.0,0.0,0.0
P27830,0.0,0.0,0.0
P27832,0.0,0.0,0.0
P27833,0.0,0.0,0.0
P27835,0.0,0.0,0.0
P27836,0.0,0.0,0.0
P27848,0.0,0.0,0.0
P28248,0.0,0.0,0.0
P28305,1.3284077753487309e-13,9.560771642607444e-14,9.770356240980307e-14
P28306,0.0,0.0,0.0
P28629,0.0,0.0,0.0
P28635,0.0,0.0,0.0
P28861,0.0,0.0,0.0
P28903,0.18036704263420933,0.12981315966971554,0.1326588336330492
P28904,0.0,0.0,0.0
P29012,0.1180231807649474,0.08494324564848171,0.0
P29208,0.0,0.0,0.0
P29680,1.1601152595372257,0.8349542423168618,0.8532575295489219
P30011,0.8655489053099017,0.6229499392232819,0.6366058153074259
P30125,0.08466310281327656,0.060933442845887864,0.06226918347683774
P30126,9.969755995511102e-05,7.175399163904243e-05,7.332693282845654e-05
P30136,3.606808647422078e-13,2.595880156417831e-13,2.65278523901383e-13
P30137,8.001926457016937e-11,5.759119524605684e-11,5.885366944548273e-11
P30138,1.3224945996503502e-09,9.518213533883505e-10,9.726865202941842e-10
P30139,6.103997020331926e-14,4.393148150855857e-14,4.4894516946704096e-14
P30140,1.3224945996503502e-09,9.518213533883505e-10,9.726865202941842e-10
P30147,0.0,0.0,0.0
P30235,0.0,0.0,0.0
P30744,0.0,0.0,0.0
P30745,0.0,0.0,0.0
P30748,0.0,0.0,0.0
P30749,0.0,0.0,0.0
P30750,0.0,0.0,0.0
P30859,0.0,0.0,0.0
P30860,0.0,0.0,0.0
P30863,0.0,0.0,0.0
P31057,0.013556728580215316,0.009757002976253105,0.009970889221680549
P31119,1.4282674922967265e-08,1.0279478629839982e-08,1.0504818223822648e-08
P31120,0.3051270055246487,0.21960497943098647,0.22441900732904538
P31129,0.0,0.0,0.0
P31133,0.0,0.0,0.0
P31134,0.0,0.0,0.0
P31135,0.0,0.0,0.0
P31142,0.0,0.0,0.0
P31434,0.0,0.0,0.0
P31441,0.0,0.0,0.0
P31459,0.0,0.0,0.0
P31467,0.0,0.0,0.0
P31545,6.103997020331926e-16,4.393148150855857e-16,4.489451694670409e-16
P31547,0.0,0.0,0.0
P31548,0.0,0.0,0.0
P31549,0.0,0.0,0.0
P31550,0.0,0.0,0.0
P31551,0.0,0.0,0.0
P31552,0.0,0.0,0.0
P31554,0.005925387556457258,0.004264599949843844,0.004358085549240559
P31572,0.0,0.0,0.0
P31658,0.0,0.0,0.0
P31660,0.0,0.0,0.0
P31663,0.011499781994935657,0.008276584316558396,0.008458017851912423
P31677,0.0,0.0,0.0
P31678,0.0,0.0,0.0
P31806,0.0,0.0,0.0
P31979,2.5922630970835254e-09,1.892575603507698e-09,1.923938274674887e-09
P32055,0.0,0.0,0.0
P32056,0.0,0.0,0.0
P32099,0.0,0.0,0.0
P32125,0.0,0.0,0.0
P32131,0.0,0.0,0.0
P32138,0.0,0.0,0.0
P32140,0.0,0.0,0.0
P32141,0.0,0.0,0.0
P32143,0.0,0.0,0.0
P32166,0.0,0.0,0.0
P32169,0.0,0.0,0.0
P32170,0.0,0.0,0.0
P32171,0.0,0.0,0.0
P32173,0.0,0.0,0.0
P32176,0.0,0.0,0.0
P32662,0.0,0.0,0.0
P32664,0.0,0.0,0.0
P32669,0.0,0.0,0.0
P32674,1.665275749188906e-07,9.340204288532655e-08,9.545000577394252e-08
P32675,1.665275749188906e-07,9.340204288532655e-08,9.545000577394252e-08
P32709,0.0,0.0,0.0
P32718,0.0,0.0,0.0
P32719,0.0,0.0,0.0
P32720,0.0,0.0,0.0
P32721,0.0,0.0,0.0
P33013,0.0,0.0,0.0
P33018,0.0,0.0,0.0
P33022,0.0,0.0,0.0
P33025,0.0,0.0,0.0
P33030,0.0,0.0,0.0
P33195,0.0,0.0,0.0
P33221,0.0022560673615571823,0.0016238170700983,0.001659413260571265
P33225,0.0,0.0,0.0
P33226,0.0,0.0,0.0
P33232,0.0,0.0,0.0
P33359,0.0,0.0,0.0
P33360,0.0,0.0,0.0
P33361,0.0,0.0,0.0
P33362,0.0,0.0,0.0
P33363,0.0,0.0,0.0
P33570,0.0,0.0,0.178566285437624
P33590,0.0,0.0,0.0
P33591,0.0,0.0,0.0
P33593,0.0,0.0,0.0
P33594,0.0,0.0,0.0
P33599,2.5922630970835254e-09,1.892575603507698e-09,1.923938274674887e-09
P33602,0.8394930562904426,0.6129023243963625,0.6230589881629367
P33607,2.5922630970835254e-09,1.892575603507698e-09,1.923938274674887e-09
P33931,0.0,0.0,0.0
P33934,0.0,0.0,0.0
P33937,0.0,0.0,0.0
P33940,0.0,0.0,0.0
P35340,0.0,0.0,0.0
P36548,0.0,0.0,0.0
P36553,9.33539042607859e-10,6.71883571555454e-10,6.866121367550963e-10
P36561,0.0,0.0,0.0
P36562,0.0,0.0,0.0
P36649,0.0,0.0,0.0
P36655,0.0,0.0,0.0
P36672,0.0,0.0,0.0
P36683,0.0,0.0,0.0
P36937,0.0,0.0,0.0
P36938,0.0,0.0,0.0
P37001,0.0,0.0,0.0
P37028,0.0,0.0,0.0
P37051,0.0,0.0,0.0
P37095,0.0,0.0,0.0
P37128,0.0,0.0,0.0
P37146,0.0,0.0,0.0
P37180,0.0,0.0,0.0
P37188,0.0,0.0,0.0
P37306,1.3978655320863057e-10,1.006067066706424e-10,1.0281213704794631e-10
P37329,1.0273590919337505e-06,7.394074210652678e-07,7.556161972153487e-07
P37330,0.0,0.0,1.0
P37339,0.0,0.0,0.0
P37349,0.0,0.0,0.0
P37351,0.0,0.0,0.0
P37353,0.0,0.0,0.0
P37355,0.0,0.0,0.0
P37387,0.0,0.0,0.0
P37388,0.0,0.0,0.0
P37595,0.0,0.0,0.0
P37596,0.0,0.0,0.0
P37610,0.0,0.0,0.0
P37617,0.0,0.0,0.0
P37623,0.0,0.0,0.0
P37646,0.0,0.0,0.0
P37647,0.0,0.0,0.0
P37661,0.0,0.0,0.0
P37666,0.0,0.0,0.0
P37672,0.0,0.0,0.0
P37677,0.0,0.0,0.0
P37678,0.0,0.0,0.0
P37679,0.0,0.0,0.0
P37680,0.0,0.0,0.0
P37685,0.0,0.0,0.0
P37686,0.0,0.0,0.0
P37689,0.0,0.0,0.0
P37691,0.0,0.0,0.0
P37692,0.0,0.0,0.0
P37744,0.0,0.0,0.0
P37745,0.0,0.0,0.0
P37747,0.0,0.0,0.0
P37748,0.0,0.0,0.0
P37749,0.0,0.0,0.0
P37750,0.0,0.0,0.0
P37759,0.0,0.0,0.0
P37760,0.0,0.0,0.0
P37766,0.0,0.0,0.0
P37769,0.0,0.0,0.0
P37772,0.0,0.0,0.0
P37773,0.0,0.0,0.0
P37774,0.0,0.0,0.0
P37794,0.0,0.0,0.0
P37902,0.0,0.0,0.0
P37906,0.0,0.0,0.0
P38038,0.11334281709118887,0.08142636920113754,0.08321460069027826
P38051,0.0,0.0,0.0
P38135,0.0,0.0,0.0
P38489,0.0,0.0,0.0
P39160,0.0,0.0,0.0
P39172,0.0,0.0,0.0
P39176,0.0,0.0,0.0
P39208,0.0,0.0,0.0
P39265,0.0,0.0,0.0
P39280,0.0,0.0,0.0
P39286,0.0,0.0,0.0
P39300,0.0,0.0,0.0
P39301,0.0,0.0,0.0
P39304,0.0,0.0,0.0
P39305,0.0,0.0,0.0
P39306,0.0,0.0,0.0
P39325,0.0,0.0,0.0
P39328,0.0,0.0,0.0
P39346,0.0,0.0,0.0
P39358,0.0,0.0,0.0
P39359,0.0,0.0,0.0
P39400,0.0,0.0,0.0
P39411,0.0,0.0,0.0
P39451,0.0,0.0,0.0
P39452,0.0,0.0,0.0
P39829,0.0,0.0,0.0
P39831,0.0,0.0,0.0
P39832,0.0,0.0,0.0
P40191,0.0,0.0,0.0
P40874,0.0,0.0,0.0
P41052,0.0,0.0,0.0
P41409,0.0,0.0,0.0
P42588,0.0,0.0,0.0
P42604,0.0,0.0,0.0
P42630,0.0,0.0,0.0
P42632,0.0,0.0,0.0
P43337,0.0,0.0,0.0
P43341,4.8878854230139606e-11,3.517892413148884e-11,3.5950092083287973e-11
P45395,0.0,0.02736252138616795,0.02796234358353139
P45425,0.0,0.0,0.0
P45541,0.0,0.0,0.0
P45543,0.0,0.0,0.0
P45563,0.0,0.0,0.0
P45568,4.474073929727308e-12,3.22006540070443e-12,3.2906534388843262e-12
P45578,0.005991837604459067,0.004331763383692337,0.004426721293257795
P45799,0.0,0.0,0.0
P46022,0.0,0.0,0.0
P46859,0.0,0.0,0.0
P46883,0.0,0.0,0.0
P46891,0.0,0.0,0.0
P46923,0.0,0.0,0.0
P50457,1.0010426507889646e-09,7.204670407919437e-10,7.362606190750552e-10
P51020,0.0,0.0,0.0
P51025,0.0,0.0,0.0
P51981,0.0,0.0,0.0
P52005,0.0,0.0,0.0
P52006,1.2480900863371858e-12,8.98271187982261e-13,9.179624653393296e-13
P52043,0.0,0.0,0.0
P52045,0.0,0.0,0.0
P52061,0.0,0.0,0.0
P52073,0.0,0.0,0.0
P52074,0.0,0.0,0.0
P52086,0.0,0.0,0.0
P52094,0.0,0.0,0.0
P52095,0.0,0.0,0.0
P52643,0.0,0.0,0.0
P52647,0.8522010813341562,0.6133432883649942,0.6267885741181989
P52697,0.0,0.0,0.0
P54745,0.0,0.0,0.0
P54746,0.0,0.0,0.0
P55734,0.0,0.0,0.0
P56100,0.0,0.0,0.0
P56258,0.0,0.0,0.0
P56579,0.0,0.0,0.0
P56580,0.0,0.0,0.0
P60472,1.5656381946223532e-12,1.1268158416041106e-12,1.1515171161904987e-12
P60546,0.3823621083860209,0.27519236720106516,0.2812249432222077
P60560,0.0,0.0,0.0
P60595,0.022928487941989324,0.01650201401946192,0.016863759714253024
P60651,0.0,0.0,0.0
P60664,0.03668379022174994,0.02640193378900133,0.026980698651948794
P60716,0.0,0.0,0.0
P60720,0.0,0.0,0.0
P60752,0.11189842184217001,0.08053515481121354,0.08230059056335463
P60757,0.651615430740537,0.4689784603583025,0.4792590805774041
P60782,0.0,2.082099801277367e-11,0.0
P60932,2.197278321978113e-10,1.5814177439734222e-10,1.616084485855593e-10
P61517,0.0,8.139836402269317e-07,8.318272244787661e-07
P61714,3.1419226648929115e-05,2.261293984812973e-05,2.3108645016432518e-05
P61887,0.0,0.0,0.0
P61889,0.021644481894423237,0.011898548638639652,0.0121594454818586
P61949,0.10113332436670078,0.06821935862972706,0.06971481604823468
P62601,0.0,0.0,0.0
P62615,0.5268060938699247,0.3791511053225236,0.38746259262728483
P62617,0.024280326962364564,0.017474955040375547,0.01785802887276173
P62620,0.5763623799481327,0.414817588419189,0.42391093160489585
P62623,0.4878581119577305,0.35111959512565016,0.35881659512478586
P62707,0.12356632616432302,0.0889330455547633,0.09088257403753569
P63224,0.0,0.0,0.0
P63228,0.0,0.0,0.0
P63883,0.0,0.0,0.0
P64461,0.0006406461856453368,0.000463151352235483,0.00047330423463581595
P64636,0.0,0.0,0.0
P65870,0.0,0.0,0.0
P66899,0.0,0.0,0.0
P67910,0.0,0.0,0.0
P68066,0.0,0.0,0.0
P68183,0.0,0.0,0.0
P68187,0.0,0.0,0.0
P68688,0.0,0.0,0.0
P68699,3.9077688079205195e-07,2.720799825780093e-07,2.767156659320687e-07
P68767,0.0,0.0,0.0
P69054,1.0220679881754804e-08,5.32864771318932e-09,5.445494510794532e-09
P69330,0.0,0.0,0.0
P69432,0.0,0.0,0.0
P69441,0.15998987418659502,0.12871550556235553,0.13146597552374217
P69451,0.0,0.0,0.0
P69490,0.0,0.0,0.0
P69503,0.0,0.0,0.0
P69739,0.0,0.0,0.0
P69741,0.0,0.0,0.0
P69776,0.0,0.0,0.0
P69783,0.0,0.0,0.0
P69786,0.0,0.0,0.0
P69791,0.0,0.0,0.0
P69795,0.0,0.0,0.0
P69797,0.0,0.0,0.0
P69801,0.0,0.0,0.0
P69805,0.0,0.0,0.0
P69811,0.0,0.0,0.0
P69820,0.0,0.0,0.0
P69822,0.0,0.0,0.0
P69824,0.0,0.0,0.0
P69826,0.0,0.0,0.0
P69828,0.0,0.0,0.0
P69831,0.0,0.0,0.0
P69874,0.0,0.0,0.0
P69902,0.0,0.0,0.0
P69908,0.0,0.0,0.0
P69910,0.0,0.0,0.0
P69922,0.0,0.0,0.0
P69924,0.0,0.0,0.0
P71241,0.0,0.0,0.0
P75682,0.0,0.0,0.0
P75691,0.0,0.0,0.0
P75713,0.0,0.0,0.0
P75726,0.0,0.0,0.0
P75728,0.0,0.0,0.0
P75792,0.0,0.0,0.0
P75796,0.0,0.0,0.0
P75797,0.0,0.0,0.0
P75798,0.0,0.0,0.0
P75799,0.0,0.0,0.0
P75804,0.0,0.0,0.0
P75806,0.0,0.0,0.0
P75809,0.0,0.0,0.0
P75820,0.0,0.0,0.0
P75823,0.01974612915573922,0.014211617485744945,0.014523154697836153
P75838,0.0,0.0,0.0
P75851,0.0,0.0,0.0
P75853,0.0,0.0,0.0
P75893,0.0,0.0,0.0
P75894,0.0,0.0,0.0
P75895,0.0,0.0,0.0
P75897,0.0,0.0,0.0
P75898,0.0,0.0,0.0
P75905,0.0,0.0,0.0
P75908,0.0,0.0,0.0
P75913,0.0,0.0,0.0
P75948,0.0,0.0,0.0
P75949,0.0,0.0,0.0
P75954,0.0,0.0,0.0
P75959,0.0,0.0,0.0
P76008,0.0,0.0,0.0
P76014,0.0,0.0,0.0
P76015,0.0,0.0,0.0
P76038,0.0,0.0,0.0
P76052,0.0,0.0,0.0
P76077,0.0,0.0,0.0
P76078,0.0,0.0,0.0
P76079,0.0,0.0,0.0
P76080,0.0,0.0,0.0
P76081,0.0,0.0,0.0
P76082,0.0,0.0,0.0
P76083,0.0,0.0,0.0
P76084,0.0,0.0,0.0
P76085,0.0,0.0,0.0
P76108,0.0,0.0,0.0
P76112,0.0,0.0,0.0
P76113,0.0,0.0,0.0
P76129,0.0,0.0,0.0
P76142,0.0,0.0,0.0
P76143,0.025136842074814977,0.01817253057731537,0.01857089617633046
P76145,0.0,0.0,0.0
P76149,0.0,0.0,0.0
P76173,0.0,0.0,0.0
P76190,0.0,0.0,0.0
P76193,0.0,0.0,0.0
P76194,0.0,0.0,0.0
P76215,0.0,0.0,0.0
P76216,0.0,0.0,0.0
P76217,0.0,0.0,0.0
P76234,0.0,0.0,0.0
P76245,0.0,0.0,0.0
P76251,0.0,0.0,0.0
P76270,0.0,0.0,0.0
P76290,0.0,0.0,0.0
P76316,0.0,0.0,0.0
P76372,0.0,0.0,0.0
P76373,0.0,0.0,0.0
P76422,3.690678617712674e-11,2.6562427685991902e-11,2.714471078472611e-11
P76423,0.0,0.0,0.0
P76440,0.0,0.0,0.0
P76445,0.0,0.0,0.0
P76458,0.0,0.0,0.0
P76459,0.0,0.0,0.0
P76461,8.491832073414632e-12,6.111712742722032e-12,6.245689466403893e-12
P76469,0.0,0.0,0.0
P76472,0.0,0.0,0.0
P76473,0.0,0.0,0.0
P76491,0.0,0.0,0.0
P76503,1.0,0.0,0.0
P76514,0.0,0.0,0.0
P76518,0.0,0.0,0.0
P76535,0.0,0.0,0.0
P76536,0.0,0.0,0.0
P76558,0.0,0.0,0.0
P76577,1.4125614899406662e-11,1.0166439919339247e-11,0.0
P76641,0.0,0.0,0.0
P76658,0.0,0.0,0.0
P77044,0.0,0.0,0.0
P77150,0.0,0.0,0.0
P77156,0.0,0.0,0.0
P77161,0.0,0.0,0.0
P77172,0.0,0.0,0.0
P77202,0.0,0.0,0.0
P77215,0.0,0.0,0.0
P77218,9.983460952392995e-11,0.0,8.612606116455006e-09
P77231,0.0,0.0,0.0
P77243,0.0,0.0,0.0
P77247,0.0,0.0,0.0
P77252,0.0,0.0,0.0
P77256,0.0,0.0,0.0
P77257,0.0,0.0,0.0
P77272,0.0,0.0,0.0
P77302,0.0,0.0,0.0
P77319,0.0,0.0,0.0
P77334,0.0,0.0,0.0
P77357,0.0,0.0,0.0
P77364,0.0,0.0,0.0
P77366,0.0,0.0,0.0
P77374,0.0,0.0,0.0
P77397,0.0,0.0,0.0
P77398,0.0,0.0,0.0
P77399,0.15877738392064478,0.12369922652941728,0.12641087509505494
P77425,0.0,0.0,0.0
P77432,0.3280740052475408,0.2371791521878009,0.24237842890015537
P77433,0.0,0.0,0.0
P77434,0.0,0.0,0.0
P77444,0.0,0.0,0.0
P77454,0.0,0.0,0.0
P77455,0.0,0.0,0.0
P77467,0.0,0.0,0.0
P77475,0.03540015253100552,0.025478195520750865,0.026036710834687244
P77488,0.12017485648683797,0.08649184244290618,0.08838785656587198
P77495,0.0,0.0,0.0
P77499,0.0,0.0,0.0
P77522,0.0,0.0,0.0
P77526,0.0,0.0,0.0
P77536,0.0,0.0,0.0
P77541,0.0,0.0,0.0
P77555,0.0,0.0,0.0
P77567,0.0,0.0,0.0
P77570,0.0,0.0,0.0
P77580,0.0,0.0,0.0
P77581,0.0,0.0,0.0
P77596,0.0,0.0,0.0
P77608,0.0,0.0,0.0
P77619,0.0,0.0,0.0
P77625,0.0,0.0,0.0
P77650,0.0,0.0,0.0
P77671,0.0,0.0,0.0
P77672,0.0,0.0,0.0
P77674,0.0,0.0,0.0
P77689,0.0,0.0,0.0
P77690,0.0,0.0,0.0
P77718,1.3224945996503502e-09,9.518213533883505e-10,9.726865202941842e-10
P77731,0.0,0.0,0.0
P77756,0.0,0.0,0.0
P77757,0.0,0.0,0.0
P77781,0.0,0.0,0.0
P77783,0.0,0.0,0.0
P77788,0.0,0.0,0.0
P77790,0.0,0.0,0.0
P77791,0.0,0.0,0.0
P77795,0.0,0.0,0.0
P78055,0.6364924265597759,0.4580962886293672,0.4681383574347714
P78061,0.0,0.0,0.0
P80644,0.0,0.0,0.0
P80645,0.0,0.0,0.0
P80668,0.0,0.0,0.0
Q46799,0.0,0.0,0.0
Q46800,0.0,0.0,0.0
Q46801,0.0,0.0,0.0
Q46806,0.0,0.0,0.0
Q46810,0.0,0.0,0.0
Q46822,0.0,0.0,0.0
Q46829,0.0,0.0,0.0
Q46845,0.0,0.0,0.0
Q46851,0.0,0.0,0.0
Q46856,0.0,0.0,0.0
Q46857,0.0,0.0,0.0
Q46871,0.0,0.0,0.0
Q46877,0.0,0.0,0.0
Q46890,0.0,0.0,0.0
Q46893,0.026490392796626277,0.019065576169566157,0.019483518494055788
Q46915,0.0,0.0,0.0
Q46920,0.0,0.0,0.0
Q46925,0.0,0.0,0.0
Q46938,0.0,0.0,0.0
Q47140,0.0,0.0,0.0
Q47146,3.6464271945306724e-09,2.6243942835364998e-09,2.6819244330312264e-09
Q47537,0.0,0.0,0.0
Q47538,0.0,0.0,0.0
Q47539,0.0,0.0,0.0
Q47690,0.0,0.0,0.0
Q59385,0.0,0.0,0.0
Q6BEX0,0.0,0.0,0.0
Q6BF16,0.0,0.0,0.0
Q6BF17,0.0,0.0,0.0
Q93K97,0.0,0.0,0.0
